0.000000 0 0 0 0 -5
0.100000 1 0 0 0 -5
0.200000 1 0 0 0 -5
0.300000 0 1 0 0 -5
0.400000 0 2 0 0 -5
0.500000 0 2 0 0 -5
0.600000 0 2 0 0 -5
0.700000 0 2 0 0 -5
0.800000 0 3 0 0 -5
0.900000 0 3 0 0 -5
1.000000 0 3 0 0 -5
1.100000 0 3 0 0 -5
1.200000 0 3 0 0 -5
1.300000 0 3 0 0 -5
1.400000 0 3 0 0 -5
1.500000 0 3 0 0 -5
1.600000 0 3 0 0 -5
1.700000 0 3 0 0 -5
1.800000 0 4 0 0 -5
1.900000 0 4 0 0 -5
2.000000 0 4 0 0 -5
2.100000 0 4 0 0 -5
2.200000 0 4 0 0 -5
2.300000 1 5 0 0 -5
2.400000 2 5 0 0 -5
2.500000 30 5 0 0 -5
2.600000 30 5 0 0 -5
2.700000 30 6 0 0 -5
2.800000 29 7 0 0 -5
2.900000 28 8 0 0 -5
3.000000 27 9 0 0 -5
3.100000 25 11 0 0 -5
3.200000 24 12 0 0 -5
3.300000 24 13 0 0 -5
3.400000 23 14 0 0 -5
3.500000 24 15 0 0 -5
3.600000 22 17 0 0 -5
3.700000 21 18 0 0 -5
3.800000 20 19 0 0 -5
3.900000 20 20 0 0 -5
4.000000 19 21 0 0 -5
4.100000 17 23 0 0 -5
4.200000 16 24 0 0 -5
4.300000 16 25 0 0 -5
4.400000 15 26 0 0 -5
4.500000 14 27 0 0 -5
4.600000 12 29 0 0 -5
4.700000 11 30 0 0 -5
4.800000 12 31 0 0 -5
4.900000 13 31 0 0 -5
5.000000 15 31 0 0 -5
5.100000 15 31 0 0 -5
5.200000 14 32 0 0 -5
5.300000 14 33 0 0 -5
5.400000 14 34 0 0 -5
5.500000 15 34 0 0 -5
5.600000 15 34 0 0 -5
5.700000 17 34 0 0 -5
5.800000 17 34 0 0 -5
5.900000 17 34 0 0 -5
6.000000 18 34 0 0 -5
6.100000 18 34 0 0 -5
6.200000 19 34 0 0 -5
6.300000 18 35 0 0 -5
6.400000 17 36 0 0 -5
6.500000 16 37 0 0 -5
6.600000 14 31 20 1 -5
6.700000 14 24 20 0 -5
6.800000 14 17 20 3 -5
6.900000 14 10 20 7 -5
7.000000 14 3 20 6 -5
7.100000 12 0 20 7 -5
7.200000 12 0 20 7 -5
7.300000 11 0 20 6 -5
7.400000 11 0 20 7 -5
7.500000 12 0 20 6 -5
7.600000 12 0 0 5 0
7.700000 12 0 0 5 0
7.800000 11 1 0 4 0
7.900000 10 2 0 3 0
8.000000 9 3 0 2 0
8.100000 7 5 0 2 0
8.200000 7 6 0 1 0
8.300000 6 7 0 1 0
8.400000 5 8 0 0 0
8.500000 4 9 0 0 0
8.600000 3 11 0 0 0
8.700000 2 12 0 0 0
8.800000 1 13 0 0 0
8.900000 0 14 0 0 0
9.000000 0 15 0 0 0
9.100000 0 15 0 0 0
9.200000 0 15 0 0 0
9.300000 0 15 0 0 0
9.400000 0 15 0 0 0
9.500000 0 15 0 0 0
9.600000 1 15 0 0 0
9.700000 1 15 0 0 0
9.800000 0 16 0 0 0
9.900000 0 17 0 0 0
10.000000 0 17 0 0 0
10.100000 0 18 0 0 0
10.200000 29 18 0 0 0
10.300000 30 19 0 0 0
10.400000 29 20 0 0 0
10.500000 31 20 0 0 0
10.600000 32 20 0 0 0
10.700000 33 20 0 0 0
10.800000 33 20 0 0 0
10.900000 33 20 0 0 0
11.000000 32 21 0 0 0
11.100000 32 22 0 0 0
11.200000 31 23 0 0 0
11.300000 30 25 0 0 0
11.400000 29 26 0 0 0
11.500000 30 27 0 0 0
11.600000 29 28 0 0 0
11.700000 30 29 0 0 0
11.800000 29 31 0 0 0
11.900000 29 32 0 0 0
12.000000 29 32 0 0 0
12.100000 30 32 0 0 0
12.200000 29 33 0 0 0
12.300000 29 35 0 0 0
12.400000 28 36 0 0 0
12.500000 29 37 0 0 0
12.600000 29 37 0 0 0
12.700000 29 37 0 0 0
12.800000 30 37 0 0 0
12.900000 29 38 0 0 0
13.000000 28 39 0 0 0
13.100000 28 40 0 0 0
13.200000 28 41 0 0 0
13.300000 28 41 0 0 0
13.400000 27 42 0 0 0
13.500000 28 43 0 0 0
13.600000 28 43 0 0 0
13.700000 28 43 0 0 0
13.800000 26 45 0 0 0
13.900000 25 46 0 0 0
14.000000 24 47 0 0 0
14.100000 23 40 20 2 0
14.200000 24 33 20 2 0
14.300000 24 25 20 5 0
14.400000 23 18 20 7 0
14.500000 22 11 20 9 0
14.600000 22 4 20 13 0
14.700000 21 0 20 14 0
14.800000 21 0 20 13 0
14.900000 20 0 20 13 0
15.000000 19 0 20 12 0
15.100000 18 1 0 11 -5
15.200000 17 2 0 10 -5
15.300000 15 4 0 9 -5
15.400000 15 5 0 8 -5
15.500000 14 6 0 7 -5
15.600000 14 7 0 6 -5
15.700000 13 8 0 5 -5
15.800000 11 10 0 4 -5
15.900000 10 11 0 3 -5
16.000000 9 12 0 3 -5
16.100000 8 13 0 2 -5
16.200000 8 14 0 1 -5
16.300000 7 15 0 0 -5
16.400000 8 15 0 0 -5
16.500000 7 16 0 0 -5
16.600000 7 16 0 0 -5
16.700000 7 16 0 0 -5
16.800000 5 18 0 0 -5
16.900000 4 19 0 0 -5
17.000000 3 20 0 0 -5
17.100000 4 21 0 0 -5
17.200000 3 22 0 0 -5
17.300000 1 24 0 0 -5
17.400000 0 25 0 0 -5
17.500000 0 26 0 0 -5
17.600000 3 26 0 0 -5
17.700000 3 26 0 0 -5
17.800000 4 26 0 0 -5
17.900000 37 27 0 0 -5
18.000000 36 28 0 0 -5
18.100000 35 29 0 0 -5
18.200000 34 30 0 0 -5
18.300000 32 32 0 0 -5
18.400000 31 33 0 0 -5
18.500000 30 34 0 0 -5
18.600000 30 35 0 0 -5
18.700000 29 36 0 0 -5
18.800000 29 36 0 0 -5
18.900000 28 37 0 0 -5
19.000000 27 38 0 0 -5
19.100000 27 39 0 0 -5
19.200000 27 40 0 0 -5
19.300000 27 40 0 0 -5
19.400000 27 40 0 0 -5
19.500000 27 40 0 0 -5
19.600000 26 41 0 0 -5
19.700000 25 42 0 0 -5
19.800000 23 44 0 0 -5
19.900000 22 45 0 0 -5
20.000000 21 46 0 0 -5
20.100000 20 47 0 0 -5
20.200000 19 48 0 0 -5
20.300000 21 50 0 0 -5
20.400000 20 51 0 0 -5
20.500000 19 52 0 0 -5
20.600000 19 53 0 0 -5
20.700000 18 54 0 0 -5
20.800000 16 56 0 0 -5
20.900000 18 57 0 0 -5
21.000000 18 57 0 0 -5
21.100000 19 57 0 0 -5
21.200000 20 57 0 0 -5
21.300000 19 58 0 0 -5
21.400000 18 59 0 0 -5
21.500000 17 59 20 0 -5
21.600000 19 52 20 2 -5
21.700000 19 44 20 3 -5
21.800000 19 37 20 6 -5
21.900000 18 30 20 9 -5
22.000000 17 23 20 9 -5
22.100000 16 16 20 12 -5
22.200000 15 9 20 17 -5
22.300000 13 3 20 20 -5
22.400000 12 0 20 19 -5
22.500000 11 0 0 19 0
22.600000 10 1 0 18 0
22.700000 9 2 0 17 0
22.800000 7 4 0 16 0
22.900000 7 5 0 15 0
23.000000 6 6 0 14 0
23.100000 5 7 0 13 0
23.200000 4 8 0 12 0
23.300000 2 10 0 11 0
23.400000 1 11 0 10 0
23.500000 0 12 0 10 0
23.600000 0 13 0 9 0
23.700000 0 14 0 8 0
23.800000 0 14 0 7 0
23.900000 0 14 0 6 0
24.000000 0 15 0 5 0
24.100000 0 15 0 4 0
24.200000 0 15 0 3 0
24.300000 0 16 0 2 0
24.400000 0 17 0 2 0
24.500000 0 17 0 1 0
24.600000 0 18 0 0 0
24.700000 0 19 0 0 0
24.800000 0 19 0 0 0
24.900000 1 19 0 0 0
25.000000 0 20 0 0 0
25.100000 0 21 0 0 0
25.200000 0 21 0 0 0
25.300000 29 21 0 0 0
25.400000 29 21 0 0 0
25.500000 29 21 0 0 0
25.600000 29 22 0 0 0
25.700000 28 23 0 0 0
25.800000 27 24 0 0 0
25.900000 25 26 0 0 0
26.000000 24 27 0 0 0
26.100000 23 28 0 0 0
26.200000 22 29 0 0 0
26.300000 21 30 0 0 0
26.400000 20 32 0 0 0
26.500000 19 33 0 0 0
26.600000 19 34 0 0 0
26.700000 18 35 0 0 0
26.800000 18 36 0 0 0
26.900000 16 38 0 0 0
27.000000 15 39 0 0 0
27.100000 15 40 0 0 0
27.200000 14 41 0 0 0
27.300000 14 41 0 0 0
27.400000 13 42 0 0 0
27.500000 12 43 0 0 0
27.600000 11 44 0 0 0
27.700000 10 45 0 0 0
27.800000 9 46 0 0 0
27.900000 7 48 0 0 0
28.000000 6 49 0 0 0
28.100000 6 50 0 0 0
28.200000 5 51 0 0 0
28.300000 5 52 0 0 0
28.400000 4 53 0 0 0
28.500000 5 53 0 0 0
28.600000 4 54 0 0 0
28.700000 3 55 0 0 0
28.800000 2 56 0 0 0
28.900000 1 58 0 0 0
29.000000 1 58 20 0 0
29.100000 0 51 20 3 0
29.200000 0 44 20 3 0
29.300000 2 36 20 4 0
29.400000 3 29 20 6 0
29.500000 3 21 20 6 0
29.600000 3 13 20 7 0
29.700000 2 7 20 7 0
29.800000 1 0 20 10 0
29.900000 1 0 20 10 0
30.000000 0 0 0 10 -5
30.100000 0 1 0 9 -5
30.200000 0 2 0 8 -5
30.300000 0 3 0 8 -5
30.400000 0 3 0 7 -5
30.500000 0 3 0 6 -5
30.600000 0 3 0 5 -5
30.700000 0 4 0 4 -5
30.800000 0 4 0 3 -5
30.900000 0 5 0 2 -5
31.000000 0 5 0 1 -5
31.100000 0 5 0 0 -5
31.200000 0 5 0 0 -5
31.300000 0 6 0 0 -5
31.400000 0 7 0 0 -5
31.500000 0 8 0 0 -5
31.600000 0 9 0 0 -5
31.700000 0 9 0 0 -5
31.800000 0 9 0 0 -5
31.900000 0 10 0 0 -5
32.000000 0 10 0 0 -5
32.100000 0 11 0 0 -5
32.200000 0 11 0 0 -5
32.300000 0 12 0 0 -5
32.400000 0 12 0 0 -5
32.500000 0 12 0 0 -5
32.600000 0 12 0 0 -5
32.700000 0 12 0 0 -5
32.800000 30 12 0 0 -5
32.900000 28 14 0 0 -5
33.000000 27 15 0 0 -5
33.100000 26 16 0 0 -5
33.200000 25 17 0 0 -5
33.300000 24 18 0 0 -5
33.400000 23 20 0 0 -5
33.500000 22 21 0 0 -5
33.600000 22 21 0 0 -5
33.700000 22 21 0 0 -5
33.800000 22 22 0 0 -5
33.900000 21 24 0 0 -5
34.000000 21 25 0 0 -5
34.100000 21 26 0 0 -5
34.200000 21 27 0 0 -5
34.300000 20 28 0 0 -5
34.400000 18 30 0 0 -5
34.500000 17 31 0 0 -5
34.600000 16 32 0 0 -5
34.700000 15 33 0 0 -5
34.800000 14 34 0 0 -5
34.900000 12 36 0 0 -5
35.000000 11 37 0 0 -5
35.100000 11 38 0 0 -5
35.200000 10 39 0 0 -5
35.300000 9 40 0 0 -5
35.400000 8 42 0 0 -5
35.500000 8 43 0 0 -5
35.600000 7 44 0 0 -5
35.700000 6 45 0 0 -5
35.800000 5 46 0 0 -5
35.900000 4 48 0 0 -5
36.000000 3 49 0 0 -5
36.100000 2 50 0 0 -5
36.200000 1 51 0 0 -5
36.300000 0 52 0 0 -5
36.400000 0 53 0 0 -5
36.500000 0 52 20 0 -5
36.600000 0 44 20 1 -5
36.700000 0 37 20 3 -5
36.800000 2 29 20 7 -5
36.900000 2 21 20 8 -5
37.000000 2 13 20 13 -5
37.100000 1 6 20 15 -5
37.200000 0 0 20 18 -5
37.300000 0 0 20 17 -5
37.400000 0 0 20 17 -5
37.500000 0 0 0 16 0
37.600000 0 0 0 15 0
37.700000 0 0 0 15 0
37.800000 0 0 0 14 0
37.900000 0 1 0 13 0
38.000000 0 1 0 12 0
38.100000 0 1 0 12 0
38.200000 0 2 0 11 0
38.300000 0 2 0 11 0
38.400000 0 2 0 10 0
38.500000 0 3 0 9 0
38.600000 0 4 0 8 0
38.700000 0 4 0 7 0
38.800000 0 5 0 6 0
38.900000 0 5 0 6 0
39.000000 0 5 0 5 0
39.100000 0 6 0 5 0
39.200000 0 7 0 5 0
39.300000 0 7 0 4 0
39.400000 0 8 0 3 0
39.500000 0 8 0 3 0
39.600000 0 8 0 2 0
39.700000 0 8 0 2 0
39.800000 1 8 0 1 0
39.900000 0 9 0 1 0
40.000000 0 9 0 0 0
40.100000 0 10 0 0 0
40.200000 33 10 0 0 0
40.300000 33 11 0 0 0
40.400000 33 11 0 0 0
40.500000 32 12 0 0 0
40.600000 31 13 0 0 0
40.700000 30 14 0 0 0
40.800000 29 15 0 0 0
40.900000 27 17 0 0 0
41.000000 26 18 0 0 0
41.100000 25 19 0 0 0
41.200000 25 20 0 0 0
41.300000 25 21 0 0 0
41.400000 23 23 0 0 0
41.500000 22 24 0 0 0
41.600000 21 25 0 0 0
41.700000 20 26 0 0 0
41.800000 19 27 0 0 0
41.900000 17 29 0 0 0
42.000000 16 30 0 0 0
42.100000 16 31 0 0 0
42.200000 15 32 0 0 0
42.300000 15 33 0 0 0
42.400000 15 34 0 0 0
42.500000 15 34 0 0 0
42.600000 14 35 0 0 0
42.700000 13 36 0 0 0
42.800000 13 37 0 0 0
42.900000 13 38 0 0 0
43.000000 13 38 0 0 0
43.100000 12 39 0 0 0
43.200000 11 40 0 0 0
43.300000 10 41 0 0 0
43.400000 8 43 0 0 0
43.500000 7 44 0 0 0
43.600000 7 45 0 0 0
43.700000 6 46 0 0 0
43.800000 6 47 0 0 0
43.900000 5 49 0 0 0
44.000000 5 49 20 0 0
44.100000 4 42 20 4 0
44.200000 4 35 20 4 0
44.300000 3 28 20 5 0
44.400000 1 22 20 7 0
44.500000 1 15 20 8 0
44.600000 2 8 20 11 0
44.700000 1 1 20 14 0
44.800000 2 0 20 13 0
44.900000 2 0 20 12 0
45.000000 4 0 0 11 -5
45.100000 5 0 0 11 -5
45.200000 6 0 0 11 -5
45.300000 7 0 0 11 -5
45.400000 7 2 0 10 -5
45.500000 7 2 0 9 -5
45.600000 7 2 0 8 -5
45.700000 6 3 0 8 -5
45.800000 6 4 0 7 -5
45.900000 5 5 0 6 -5
46.000000 6 5 0 5 -5
46.100000 6 6 0 4 -5
46.200000 6 6 0 5 -5
46.300000 7 6 0 5 -5
46.400000 8 6 0 4 -5
46.500000 7 7 0 5 -5
46.600000 8 8 0 4 -5
46.700000 7 9 0 3 -5
46.800000 6 10 0 3 -5
46.900000 6 12 0 2 -5
47.000000 8 12 0 2 -5
47.100000 8 12 0 1 -5
47.200000 8 12 0 0 -5
47.300000 8 12 0 0 -5
47.400000 9 13 0 0 -5
47.500000 9 13 0 0 -5
47.600000 9 13 0 0 -5
47.700000 10 13 0 0 -5
47.800000 10 14 0 0 -5
47.900000 11 14 0 0 -5
48.000000 40 15 0 0 -5
48.100000 39 16 0 0 -5
48.200000 38 17 0 0 -5
48.300000 37 18 0 0 -5
48.400000 35 20 0 0 -5
48.500000 34 21 0 0 -5
48.600000 33 22 0 0 -5
48.700000 32 23 0 0 -5
48.800000 31 24 0 0 -5
48.900000 29 26 0 0 -5
49.000000 28 27 0 0 -5
49.100000 28 28 0 0 -5
49.200000 29 28 0 0 -5
49.300000 30 28 0 0 -5
49.400000 30 28 0 0 -5
49.500000 29 29 0 0 -5
49.600000 30 30 0 0 -5
49.700000 31 31 0 0 -5
49.800000 30 32 0 0 -5
49.900000 30 34 0 0 -5
50.000000 30 35 0 0 -5
50.100000 30 36 0 0 -5
50.200000 29 37 0 0 -5
50.300000 28 38 0 0 -5
50.400000 26 40 0 0 -5
50.500000 25 41 0 0 -5
50.600000 26 42 0 0 -5
50.700000 25 43 0 0 -5
50.800000 24 44 0 0 -5
50.900000 22 46 0 0 -5
51.000000 22 47 0 0 -5
51.100000 21 48 0 0 -5
51.200000 20 49 0 0 -5
51.300000 21 50 0 0 -5
51.400000 20 51 0 0 -5
51.500000 21 50 20 0 -5
51.600000 21 43 20 2 -5
51.700000 21 36 20 3 -5
51.800000 21 28 20 6 -5
51.900000 21 21 20 12 -5
52.000000 20 14 20 16 -5
52.100000 20 7 20 17 -5
52.200000 20 0 20 20 -5
52.300000 20 0 20 19 -5
52.400000 19 0 20 19 -5
52.500000 18 0 0 20 0
52.600000 17 1 0 19 0
52.700000 17 2 0 18 0
52.800000 17 3 0 18 0
52.900000 16 5 0 17 0
53.000000 16 5 0 16 0
53.100000 16 5 0 15 0
53.200000 15 6 0 14 0
53.300000 15 7 0 13 0
53.400000 15 8 0 12 0
53.500000 15 8 0 11 0
53.600000 15 9 0 11 0
53.700000 15 10 0 11 0
53.800000 14 11 0 10 0
53.900000 13 13 0 10 0
54.000000 14 14 0 9 0
54.100000 13 15 0 8 0
54.200000 12 16 0 7 0
54.300000 12 17 0 7 0
54.400000 12 18 0 6 0
54.500000 12 18 0 6 0
54.600000 12 19 0 5 0
54.700000 13 19 0 4 0
54.800000 13 19 0 3 0
54.900000 11 21 0 3 0
55.000000 10 22 0 2 0
55.100000 40 23 0 1 0
55.200000 39 24 0 0 0
55.300000 38 25 0 0 0
55.400000 38 27 0 0 0
55.500000 37 28 0 0 0
55.600000 37 29 0 0 0
55.700000 37 30 0 0 0
55.800000 37 30 0 0 0
55.900000 38 31 0 0 0
56.000000 38 31 0 0 0
56.100000 38 31 0 0 0
56.200000 37 32 0 0 0
56.300000 36 33 0 0 0
56.400000 34 35 0 0 0
56.500000 34 36 0 0 0
56.600000 33 37 0 0 0
56.700000 33 38 0 0 0
56.800000 32 39 0 0 0
56.900000 31 41 0 0 0
57.000000 31 42 0 0 0
57.100000 30 43 0 0 0
57.200000 30 44 0 0 0
57.300000 29 45 0 0 0
57.400000 27 47 0 0 0
57.500000 26 48 0 0 0
57.600000 25 49 0 0 0
57.700000 25 50 0 0 0
57.800000 25 50 0 0 0
57.900000 24 51 0 0 0
58.000000 23 52 0 0 0
58.100000 23 53 0 0 0
58.200000 22 54 0 0 0
58.300000 21 55 0 0 0
58.400000 20 57 0 0 0
58.500000 20 57 0 0 0
58.600000 23 57 0 0 0
58.700000 24 57 0 0 0
58.800000 25 57 0 0 0
58.900000 26 57 0 0 0
59.000000 26 56 20 0 0
59.100000 26 48 20 1 0
59.200000 26 41 20 1 0
59.300000 25 34 20 3 0
59.400000 24 28 20 6 0
59.500000 24 21 20 8 0
59.600000 24 13 20 10 0
59.700000 24 5 20 13 0
59.800000 23 0 20 14 0
59.900000 21 0 20 15 0
60.000000 20 0 0 15 -5
60.100000 20 1 0 14 -5
60.200000 19 2 0 13 -5
60.300000 19 3 0 13 -5
60.400000 17 5 0 12 -5
60.500000 16 6 0 11 -5
60.600000 16 7 0 10 -5
60.700000 16 7 0 9 -5
60.800000 17 7 0 8 -5
60.900000 15 9 0 7 -5
61.000000 14 10 0 6 -5
61.100000 14 11 0 5 -5
61.200000 14 12 0 4 -5
61.300000 13 13 0 3 -5
61.400000 11 15 0 2 -5
61.500000 11 16 0 1 -5
61.600000 10 17 0 0 -5
61.700000 9 18 0 0 -5
61.800000 9 19 0 0 -5
61.900000 9 19 0 0 -5
62.000000 8 20 0 0 -5
62.100000 7 21 0 0 -5
62.200000 34 22 0 0 -5
62.300000 33 23 0 0 -5
62.400000 32 25 0 0 -5
62.500000 31 26 0 0 -5
62.600000 30 27 0 0 -5
62.700000 29 28 0 0 -5
62.800000 28 29 0 0 -5
62.900000 26 31 0 0 -5
63.000000 25 32 0 0 -5
63.100000 26 33 0 0 -5
63.200000 25 34 0 0 -5
63.300000 24 35 0 0 -5
63.400000 23 37 0 0 -5
63.500000 23 37 0 0 -5
63.600000 23 37 0 0 -5
63.700000 26 38 0 0 -5
63.800000 25 39 0 0 -5
63.900000 26 39 0 0 -5
64.000000 26 39 0 0 -5
64.100000 26 39 0 0 -5
64.200000 26 39 0 0 -5
64.300000 26 39 0 0 -5
64.400000 24 41 0 0 -5
64.500000 23 42 0 0 -5
64.600000 22 43 0 0 -5
64.700000 23 44 0 0 -5
64.800000 22 45 0 0 -5
64.900000 23 45 0 0 -5
65.000000 22 46 0 0 -5
65.100000 22 47 0 0 -5
65.200000 21 48 0 0 -5
65.300000 22 49 0 0 -5
65.400000 20 51 0 0 -5
65.500000 19 52 0 0 -5
65.600000 18 53 0 0 -5
65.700000 18 54 0 0 -5
65.800000 18 55 0 0 -5
65.900000 16 57 0 0 -5
66.000000 15 58 0 0 -5
66.100000 14 59 0 0 -5
66.200000 13 60 0 0 -5
66.300000 12 61 0 0 -5
66.400000 10 63 0 0 -5
66.500000 9 63 20 0 -5
66.600000 9 56 20 3 -5
66.700000 10 49 20 4 -5
66.800000 9 42 20 4 -5
66.900000 8 36 20 7 -5
67.000000 7 29 20 10 -5
67.100000 7 21 20 12 -5
67.200000 8 13 20 18 -5
67.300000 7 6 20 21 -5
67.400000 5 0 20 26 -5
67.500000 4 0 0 26 0
67.600000 4 1 0 25 0
67.700000 3 2 0 24 0
67.800000 3 3 0 23 0
67.900000 3 3 0 23 0
68.000000 2 4 0 22 0
68.100000 2 5 0 21 0
68.200000 1 6 0 20 0
68.300000 1 6 0 19 0
68.400000 0 7 0 18 0
68.500000 0 8 0 17 0
68.600000 0 8 0 16 0
68.700000 0 8 0 15 0
68.800000 0 9 0 14 0
68.900000 0 10 0 13 0
69.000000 0 10 0 12 0
69.100000 0 11 0 11 0
69.200000 0 12 0 10 0
69.300000 0 13 0 11 0
69.400000 0 13 0 10 0
69.500000 0 14 0 9 0
69.600000 0 14 0 8 0
69.700000 0 14 0 7 0
69.800000 0 15 0 6 0
69.900000 0 15 0 5 0
70.000000 26 16 0 4 0
70.100000 25 17 0 3 0
70.200000 26 18 0 3 0
70.300000 27 18 0 2 0
70.400000 27 18 0 2 0
70.500000 26 20 0 1 0
70.600000 25 21 0 0 0
70.700000 25 22 0 0 0
70.800000 24 23 0 0 0
70.900000 24 24 0 0 0
71.000000 23 26 0 0 0
71.100000 22 27 0 0 0
71.200000 21 28 0 0 0
71.300000 20 29 0 0 0
71.400000 19 30 0 0 0
71.500000 17 32 0 0 0
71.600000 17 33 0 0 0
71.700000 16 34 0 0 0
71.800000 15 35 0 0 0
71.900000 14 36 0 0 0
72.000000 12 38 0 0 0
72.100000 11 39 0 0 0
72.200000 10 40 0 0 0
72.300000 9 41 0 0 0
72.400000 8 42 0 0 0
72.500000 6 44 0 0 0
72.600000 5 45 0 0 0
72.700000 4 46 0 0 0
72.800000 3 47 0 0 0
72.900000 2 48 0 0 0
73.000000 0 50 0 0 0
73.100000 0 51 0 0 0
73.200000 0 51 0 0 0
73.300000 0 51 0 0 0
73.400000 2 52 0 0 0
73.500000 1 53 0 0 0
73.600000 0 54 0 0 0
73.700000 1 55 0 0 0
73.800000 0 57 0 0 0
73.900000 0 57 0 0 0
74.000000 0 58 0 0 0
74.100000 0 58 0 0 0
74.200000 0 58 0 0 0
74.300000 0 59 0 0 0
74.400000 0 59 0 0 0
74.500000 0 59 0 0 0
74.600000 0 59 0 0 0
74.700000 0 59 0 0 0
74.800000 0 59 0 0 0
74.900000 0 59 0 0 0
75.000000 0 58 0 0 -5
75.100000 1 58 0 0 -5
75.200000 1 58 0 0 -5
75.300000 0 59 0 0 -5
75.400000 0 60 0 0 -5
75.500000 0 61 0 0 -5
75.600000 0 61 0 0 -5
75.700000 0 61 0 0 -5
75.800000 0 61 0 0 -5
75.900000 1 61 0 0 -5
76.000000 1 61 0 0 -5
76.100000 1 61 0 0 -5
76.200000 0 62 0 0 -5
76.300000 0 63 0 0 -5
76.400000 0 63 0 0 -5
76.500000 0 63 0 0 -5
76.600000 0 63 0 0 -5
76.700000 0 63 0 0 -5
76.800000 0 63 0 0 -5
76.900000 0 63 0 0 -5
77.000000 0 64 0 0 -5
77.100000 0 65 0 0 -5
77.200000 1 65 0 0 -5
77.300000 0 66 0 0 -5
77.400000 1 67 0 0 -5
77.500000 2 68 0 0 -5
77.600000 1 69 0 0 -5
77.700000 0 70 0 0 -5
77.800000 0 71 0 0 -5
77.900000 33 71 0 0 -5
78.000000 33 72 0 0 -5
78.100000 31 74 0 0 -5
78.200000 30 75 0 0 -5
78.300000 29 76 0 0 -5
78.400000 28 77 0 0 -5
78.500000 27 78 0 0 -5
78.600000 25 80 0 0 -5
78.700000 24 81 0 0 -5
78.800000 24 82 0 0 -5
78.900000 24 83 0 0 -5
79.000000 24 84 0 0 -5
79.100000 23 85 0 0 -5
79.200000 23 85 0 0 -5
79.300000 22 86 0 0 -5
79.400000 21 87 0 0 -5
79.500000 20 88 0 0 -5
79.600000 19 90 0 0 -5
79.700000 18 91 0 0 -5
79.800000 17 92 0 0 -5
79.900000 16 93 0 0 -5
80.000000 15 94 0 0 -5
80.100000 14 96 0 0 -5
80.200000 14 97 0 0 -5
80.300000 13 98 0 0 -5
80.400000 13 99 0 0 -5
80.500000 12 100 0 0 -5
80.600000 12 100 0 0 -5
80.700000 11 101 0 0 -5
80.800000 10 102 0 0 -5
80.900000 10 103 0 0 -5
81.000000 10 104 0 0 -5
81.100000 10 105 0 0 -5
81.200000 11 105 0 0 -5
81.300000 12 105 0 0 -5
81.400000 12 105 0 0 -5
81.500000 11 106 0 0 -5
81.600000 9 101 20 5 -5
81.700000 9 94 20 6 -5
81.800000 9 86 20 9 -5
81.900000 9 78 20 8 -5
82.000000 10 71 20 10 -5
82.100000 9 64 20 11 -5
82.200000 9 56 20 12 -5
82.300000 8 49 20 16 -5
82.400000 7 42 20 17 -5
82.500000 6 35 20 22 -5
82.600000 5 37 0 21 0
82.700000 4 38 0 20 0
82.800000 3 39 0 19 0
82.900000 2 40 0 19 0
83.000000 1 41 0 18 0
83.100000 0 43 0 17 0
83.200000 0 43 0 16 0
83.300000 0 43 0 15 0
83.400000 0 44 0 15 0
83.500000 1 44 0 14 0
83.600000 1 44 0 14 0
83.700000 0 45 0 13 0
83.800000 0 46 0 12 0
83.900000 0 46 0 11 0
84.000000 0 46 0 11 0
84.100000 0 46 0 11 0
84.200000 0 47 0 10 0
84.300000 0 48 0 10 0
84.400000 0 48 0 9 0
84.500000 0 48 0 9 0
84.600000 0 48 0 9 0
84.700000 0 49 0 8 0
84.800000 0 50 0 7 0
84.900000 0 50 0 6 0
85.000000 0 50 0 5 0
85.100000 32 50 0 4 0
85.200000 31 51 0 3 0
85.300000 31 52 0 2 0
85.400000 31 53 0 1 0
85.500000 30 54 0 0 0
85.600000 28 56 0 0 0
85.700000 27 57 0 0 0
85.800000 26 58 0 0 0
85.900000 25 59 0 0 0
86.000000 24 60 0 0 0
86.100000 22 62 0 0 0
86.200000 21 63 0 0 0
86.300000 21 64 0 0 0
86.400000 21 64 0 0 0
86.500000 22 64 0 0 0
86.600000 20 66 0 0 0
86.700000 20 67 0 0 0
86.800000 19 68 0 0 0
86.900000 18 69 0 0 0
87.000000 17 70 0 0 0
87.100000 15 72 0 0 0
87.200000 14 73 0 0 0
87.300000 14 74 0 0 0
87.400000 14 75 0 0 0
87.500000 13 76 0 0 0
87.600000 11 78 0 0 0
87.700000 10 79 0 0 0
87.800000 9 80 0 0 0
87.900000 8 81 0 0 0
88.000000 7 82 0 0 0
88.100000 6 84 0 0 0
88.200000 6 85 0 0 0
88.300000 6 85 0 0 0
88.400000 6 85 0 0 0
88.500000 5 86 0 0 0
88.600000 4 88 0 0 0
88.700000 4 88 0 0 0
88.800000 4 88 0 0 0
88.900000 3 89 0 0 0
89.000000 2 90 0 0 0
89.100000 0 84 20 1 0
89.200000 0 77 20 4 0
89.300000 0 69 20 7 0
89.400000 2 61 20 10 0
89.500000 2 54 20 12 0
89.600000 2 46 20 13 0
89.700000 1 39 20 13 0
89.800000 1 32 20 14 0
89.900000 0 25 20 17 0
90.000000 0 18 20 20 0
90.100000 0 18 0 20 -5
90.200000 0 18 0 19 -5
90.300000 0 18 0 18 -5
90.400000 0 18 0 17 -5
90.500000 0 18 0 16 -5
90.600000 0 18 0 15 -5
90.700000 0 18 0 14 -5
90.800000 0 18 0 13 -5
90.900000 0 19 0 13 -5
91.000000 0 20 0 12 -5
91.100000 0 20 0 11 -5
91.200000 1 21 0 11 -5
91.300000 1 21 0 10 -5
91.400000 1 21 0 9 -5
91.500000 0 23 0 8 -5
91.600000 0 23 0 7 -5
91.700000 1 23 0 7 -5
91.800000 1 23 0 6 -5
91.900000 2 23 0 5 -5
92.000000 2 23 0 4 -5
92.100000 29 23 0 3 -5
92.200000 29 23 0 2 -5
92.300000 28 24 0 1 -5
92.400000 26 26 0 0 -5
92.500000 26 27 0 0 -5
92.600000 25 28 0 0 -5
92.700000 26 28 0 0 -5
92.800000 26 28 0 0 -5
92.900000 24 30 0 0 -5
93.000000 23 31 0 0 -5
93.100000 23 32 0 0 -5
93.200000 22 33 0 0 -5
93.300000 22 33 0 0 -5
93.400000 22 34 0 0 -5
93.500000 22 35 0 0 -5
93.600000 22 35 0 0 -5
93.700000 22 35 0 0 -5
93.800000 22 36 0 0 -5
93.900000 21 38 0 0 -5
94.000000 20 39 0 0 -5
94.100000 19 40 0 0 -5
94.200000 18 41 0 0 -5
94.300000 17 42 0 0 -5
94.400000 16 44 0 0 -5
94.500000 15 45 0 0 -5
94.600000 14 46 0 0 -5
94.700000 14 47 0 0 -5
94.800000 14 48 0 0 -5
94.900000 12 50 0 0 -5
95.000000 11 51 0 0 -5
95.100000 10 52 0 0 -5
95.200000 9 53 0 0 -5
95.300000 8 54 0 0 -5
95.400000 6 56 0 0 -5
95.500000 5 57 0 0 -5
95.600000 5 58 0 0 -5
95.700000 5 58 0 0 -5
95.800000 5 58 0 0 -5
95.900000 3 60 0 0 -5
96.000000 2 61 0 0 -5
96.100000 1 62 0 0 -5
96.200000 0 63 0 0 -5
96.300000 0 64 0 0 -5
96.400000 0 64 0 0 -5
96.500000 0 65 0 0 -5
96.600000 0 65 0 0 -5
96.700000 0 65 0 0 -5
96.800000 0 66 0 0 -5
96.900000 0 67 0 0 -5
97.000000 2 67 0 0 -5
97.100000 1 68 0 0 -5
97.200000 2 68 0 0 -5
97.300000 2 68 0 0 -5
97.400000 2 68 0 0 -5
97.500000 1 69 0 0 -5
97.600000 2 71 0 0 0
97.700000 2 71 0 0 0
97.800000 3 71 0 0 0
97.900000 4 72 0 0 0
98.000000 3 73 0 0 0
98.100000 1 75 0 0 0
98.200000 0 76 0 0 0
98.300000 0 77 0 0 0
98.400000 0 77 0 0 0
98.500000 0 77 0 0 0
98.600000 0 78 0 0 0
98.700000 0 78 0 0 0
98.800000 0 79 0 0 0
98.900000 0 79 0 0 0
99.000000 0 79 0 0 0
99.100000 0 79 0 0 0
99.200000 0 79 0 0 0
99.300000 0 79 0 0 0
99.400000 0 79 0 0 0
99.500000 0 79 0 0 0
99.600000 0 80 0 0 0
99.700000 0 80 0 0 0
99.800000 0 80 0 0 0
99.900000 0 80 0 0 0
100.000000 24 81 0 0 0
100.100000 23 82 0 0 0
100.200000 22 83 0 0 0
100.300000 21 84 0 0 0
100.400000 20 85 0 0 0
100.500000 18 87 0 0 0
100.600000 17 88 0 0 0
100.700000 16 89 0 0 0
100.800000 15 90 0 0 0
100.900000 14 91 0 0 0
101.000000 12 93 0 0 0
101.100000 11 94 0 0 0
101.200000 10 95 0 0 0
101.300000 9 96 0 0 0
101.400000 8 97 0 0 0
101.500000 7 99 0 0 0
101.600000 9 99 0 0 0
101.700000 10 99 0 0 0
101.800000 10 99 0 0 0
101.900000 10 99 0 0 0
102.000000 10 99 0 0 0
102.100000 9 100 0 0 0
102.200000 8 101 0 0 0
102.300000 7 102 0 0 0
102.400000 7 103 0 0 0
102.500000 6 105 0 0 0
102.600000 5 106 0 0 0
102.700000 4 107 0 0 0
102.800000 4 108 0 0 0
102.900000 3 109 0 0 0
103.000000 2 111 0 0 0
103.100000 3 111 0 0 0
103.200000 3 111 0 0 0
103.300000 3 112 0 0 0
103.400000 2 113 0 0 0
103.500000 0 115 0 0 0
103.600000 0 116 0 0 0
103.700000 0 117 0 0 0
103.800000 0 117 0 0 0
103.900000 1 117 0 0 0
104.000000 1 117 0 0 0
104.100000 0 111 0 2 0
104.200000 0 103 0 5 0
104.300000 0 95 0 10 0
104.400000 0 87 0 15 0
104.500000 1 79 0 17 0
104.600000 0 72 0 18 0
104.700000 0 65 0 22 0
104.800000 0 57 0 27 0
104.900000 0 49 0 30 0
105.000000 0 41 0 32 0
105.100000 0 41 0 31 -5
105.200000 0 42 0 30 -5
105.300000 0 42 0 29 -5
105.400000 0 42 0 28 -5
105.500000 0 42 0 27 -5
105.600000 0 42 0 26 -5
105.700000 0 43 0 25 -5
105.800000 0 43 0 24 -5
105.900000 0 43 0 23 -5
106.000000 0 43 0 22 -5
106.100000 0 43 0 21 -5
106.200000 0 43 0 20 -5
106.300000 0 43 0 19 -5
106.400000 0 43 0 18 -5
106.500000 0 43 0 17 -5
106.600000 1 43 0 16 -5
106.700000 0 44 0 15 -5
106.800000 0 45 0 14 -5
106.900000 0 45 0 13 -5
107.000000 0 45 0 12 -5
107.100000 27 45 0 13 -5
107.200000 26 46 0 13 -5
107.300000 25 47 0 12 -5
107.400000 25 48 0 11 -5
107.500000 24 50 0 10 -5
107.600000 24 50 0 9 -5
107.700000 25 50 0 8 -5
107.800000 25 50 0 8 -5
107.900000 25 50 0 7 -5
108.000000 23 52 0 6 -5
108.100000 23 53 0 5 -5
108.200000 22 54 0 4 -5
108.300000 23 55 0 3 -5
108.400000 24 55 0 2 -5
108.500000 24 55 0 2 -5
108.600000 26 55 0 2 -5
108.700000 26 56 0 1 -5
108.800000 27 57 0 0 -5
108.900000 26 58 0 0 -5
109.000000 24 60 0 0 -5
109.100000 24 61 0 0 -5
109.200000 23 62 0 0 -5
109.300000 22 63 0 0 -5
109.400000 21 64 0 0 -5
109.500000 20 66 0 0 -5
109.600000 20 66 0 0 -5
109.700000 20 66 0 0 -5
109.800000 21 67 0 0 -5
109.900000 20 68 0 0 -5
110.000000 18 70 0 0 -5
110.100000 18 71 0 0 -5
110.200000 18 71 0 0 -5
110.300000 20 71 0 0 -5
110.400000 19 72 0 0 -5
110.500000 19 72 0 0 -5
110.600000 18 73 0 0 -5
110.700000 17 74 0 0 -5
110.800000 17 75 0 0 -5
110.900000 16 76 0 0 -5
111.000000 16 76 0 0 -5
111.100000 16 77 0 0 -5
111.200000 15 78 0 0 -5
111.300000 14 79 0 0 -5
111.400000 13 80 0 0 -5
111.500000 11 82 0 0 -5
111.600000 10 75 0 0 -5
111.700000 9 68 0 4 -5
111.800000 9 61 0 7 -5
111.900000 8 54 0 12 -5
112.000000 7 48 0 14 -5
112.100000 8 40 0 16 -5
112.200000 8 32 0 18 -5
112.300000 8 25 0 22 -5
112.400000 8 18 0 27 -5
112.500000 8 10 0 30 -5
112.600000 7 11 0 29 0
112.700000 8 12 0 29 0
112.800000 9 12 0 29 0
112.900000 9 12 0 28 0
113.000000 9 12 0 27 0
113.100000 9 13 0 26 0
113.200000 8 14 0 25 0
113.300000 7 15 0 24 0
113.400000 6 16 0 24 0
113.500000 4 18 0 24 0
113.600000 3 19 0 23 0
113.700000 2 20 0 22 0
113.800000 2 21 0 21 0
113.900000 1 22 0 20 0
114.000000 0 24 0 19 0
114.100000 0 25 0 18 0
114.200000 0 25 0 17 0
114.300000 0 26 0 17 0
114.400000 0 26 0 17 0
114.500000 0 26 0 16 0
114.600000 0 26 0 16 0
114.700000 0 27 0 15 0
114.800000 0 27 0 14 0
114.900000 0 27 0 13 0
115.000000 1 27 0 12 0
115.100000 32 27 0 11 0
115.200000 32 27 0 10 0
115.300000 32 27 0 9 0
115.400000 31 29 0 8 0
115.500000 31 30 0 7 0
115.600000 30 31 0 6 0
115.700000 29 32 0 5 0
115.800000 28 33 0 4 0
115.900000 26 35 0 3 0
116.000000 25 36 0 2 0
116.100000 24 37 0 1 0
116.200000 23 38 0 0 0
116.300000 22 39 0 0 0
116.400000 20 41 0 0 0
116.500000 19 42 0 0 0
116.600000 18 43 0 0 0
116.700000 17 44 0 0 0
116.800000 16 45 0 0 0
116.900000 14 47 0 0 0
117.000000 14 48 0 0 0
117.100000 14 49 0 0 0
117.200000 13 50 0 0 0
117.300000 13 51 0 0 0
117.400000 12 53 0 0 0
117.500000 11 54 0 0 0
117.600000 10 55 0 0 0
117.700000 10 56 0 0 0
117.800000 10 56 0 0 0
117.900000 10 57 0 0 0
118.000000 10 57 0 0 0
118.100000 10 57 0 0 0
118.200000 10 58 0 0 0
118.300000 9 59 0 0 0
118.400000 7 61 0 0 0
118.500000 6 62 0 0 0
118.600000 5 63 0 0 0
118.700000 4 64 0 0 0
118.800000 3 65 0 0 0
118.900000 1 67 0 0 0
119.000000 0 68 0 0 0
119.100000 0 61 20 3 0
119.200000 0 54 20 4 0
119.300000 0 46 20 7 0
119.400000 0 38 20 10 0
119.500000 0 30 20 13 0
119.600000 0 22 20 16 0
119.700000 0 15 20 19 0
119.800000 0 7 20 22 0
119.900000 0 0 20 26 0
120.000000 0 0 20 25 0
120.100000 0 0 0 24 -5
120.200000 0 1 0 23 -5
120.300000 1 1 0 22 -5
120.400000 1 1 0 21 -5
120.500000 0 2 0 20 -5
120.600000 0 3 0 19 -5
120.700000 0 3 0 18 -5
120.800000 1 4 0 17 -5
120.900000 2 4 0 16 -5
121.000000 2 4 0 16 -5
121.100000 1 5 0 15 -5
121.200000 0 7 0 14 -5
121.300000 0 8 0 14 -5
121.400000 0 8 0 13 -5
121.500000 1 8 0 12 -5
121.600000 1 9 0 11 -5
121.700000 1 9 0 11 -5
121.800000 1 9 0 10 -5
121.900000 1 9 0 9 -5
122.000000 0 10 0 8 -5
122.100000 0 11 0 7 -5
122.200000 0 11 0 6 -5
122.300000 0 11 0 5 -5
122.400000 0 11 0 4 -5
122.500000 0 12 0 3 -5
122.600000 33 12 0 2 -5
122.700000 33 12 0 1 -5
122.800000 33 12 0 0 -5
122.900000 33 13 0 0 -5
123.000000 32 14 0 0 -5
123.100000 32 16 0 0 -5
123.200000 31 17 0 0 -5
123.300000 31 18 0 0 -5
123.400000 30 19 0 0 -5
123.500000 31 19 0 0 -5
123.600000 30 20 0 0 -5
123.700000 29 21 0 0 -5
123.800000 28 22 0 0 -5
123.900000 28 23 0 0 -5
124.000000 27 24 0 0 -5
124.100000 26 26 0 0 -5
124.200000 26 26 0 0 -5
124.300000 26 26 0 0 -5
124.400000 25 27 0 0 -5
124.500000 24 28 0 0 -5
124.600000 22 30 0 0 -5
124.700000 21 31 0 0 -5
124.800000 20 32 0 0 -5
124.900000 21 33 0 0 -5
125.000000 22 33 0 0 -5
125.100000 22 34 0 0 -5
125.200000 23 34 0 0 -5
125.300000 23 34 0 0 -5
125.400000 22 35 0 0 -5
125.500000 21 36 0 0 -5
125.600000 20 38 0 0 -5
125.700000 19 39 0 0 -5
125.800000 18 40 0 0 -5
125.900000 18 41 0 0 -5
126.000000 18 42 0 0 -5
126.100000 18 42 0 0 -5
126.200000 17 43 0 0 -5
126.300000 16 44 0 0 -5
126.400000 15 45 0 0 -5
126.500000 14 46 0 0 -5
126.600000 12 40 20 2 -5
126.700000 12 33 20 3 -5
126.800000 12 26 20 6 -5
126.900000 11 19 20 7 -5
127.000000 11 11 20 9 -5
127.100000 10 4 20 12 -5
127.200000 10 0 20 15 -5
127.300000 9 0 20 15 -5
127.400000 8 0 20 15 -5
127.500000 7 0 20 14 -5
127.600000 5 2 0 13 0
127.700000 5 3 0 13 0
127.800000 4 4 0 12 0
127.900000 4 5 0 11 0
128.000000 3 6 0 10 0
128.100000 1 8 0 9 0
128.200000 1 9 0 8 0
128.300000 2 10 0 7 0
128.400000 1 11 0 7 0
128.500000 1 11 0 6 0
128.600000 2 11 0 6 0
128.700000 2 11 0 5 0
128.800000 2 12 0 5 0
128.900000 2 12 0 4 0
129.000000 2 12 0 3 0
129.100000 1 14 0 2 0
129.200000 0 15 0 2 0
129.300000 0 16 0 1 0
129.400000 0 16 0 0 0
129.500000 0 16 0 0 0
129.600000 2 16 0 0 0
129.700000 1 17 0 0 0
129.800000 2 17 0 0 0
129.900000 1 18 0 0 0
130.000000 0 19 0 0 0
130.100000 0 20 0 0 0
130.200000 0 20 0 0 0
130.300000 0 20 0 0 0
130.400000 0 20 0 0 0
130.500000 31 20 0 0 0
130.600000 31 21 0 0 0
130.700000 29 23 0 0 0
130.800000 29 24 0 0 0
130.900000 28 25 0 0 0
131.000000 27 26 0 0 0
131.100000 26 27 0 0 0
131.200000 24 29 0 0 0
131.300000 24 30 0 0 0
131.400000 23 31 0 0 0
131.500000 23 32 0 0 0
131.600000 22 33 0 0 0
131.700000 20 35 0 0 0
131.800000 19 36 0 0 0
131.900000 20 37 0 0 0
132.000000 19 38 0 0 0
132.100000 18 39 0 0 0
132.200000 17 41 0 0 0
132.300000 16 42 0 0 0
132.400000 15 43 0 0 0
132.500000 14 44 0 0 0
132.600000 13 45 0 0 0
132.700000 12 47 0 0 0
132.800000 12 48 0 0 0
132.900000 11 49 0 0 0
133.000000 10 50 0 0 0
133.100000 9 51 0 0 0
133.200000 7 53 0 0 0
133.300000 6 54 0 0 0
133.400000 5 55 0 0 0
133.500000 4 56 0 0 0
133.600000 3 57 0 0 0
133.700000 1 59 0 0 0
133.800000 1 60 0 0 0
133.900000 2 60 0 0 0
134.000000 2 60 0 0 0
134.100000 4 61 0 0 0
134.200000 3 62 0 0 0
134.300000 4 62 0 0 0
134.400000 3 63 0 0 0
134.500000 2 64 0 0 0
134.600000 2 65 0 0 0
134.700000 1 66 0 0 0
134.800000 1 66 0 0 0
134.900000 0 67 0 0 0
135.000000 0 68 0 0 0
135.100000 0 68 0 0 -5
135.200000 0 69 0 0 -5
135.300000 0 69 0 0 -5
135.400000 0 69 0 0 -5
135.500000 0 70 0 0 -5
135.600000 0 71 0 0 -5
135.700000 1 72 0 0 -5
135.800000 0 73 0 0 -5
135.900000 0 74 0 0 -5
136.000000 0 74 0 0 -5
136.100000 0 74 0 0 -5
136.200000 0 74 0 0 -5
136.300000 0 74 0 0 -5
136.400000 0 74 0 0 -5
136.500000 0 74 0 0 -5
136.600000 0 74 0 0 -5
136.700000 0 74 0 0 -5
136.800000 0 74 0 0 -5
136.900000 0 75 0 0 -5
137.000000 0 75 0 0 -5
137.100000 0 75 0 0 -5
137.200000 29 75 0 0 -5
137.300000 29 76 0 0 -5
137.400000 28 78 0 0 -5
137.500000 28 78 0 0 -5
137.600000 29 78 0 0 -5
137.700000 30 79 0 0 -5
137.800000 30 79 0 0 -5
137.900000 31 80 0 0 -5
138.000000 30 81 0 0 -5
138.100000 30 82 0 0 -5
138.200000 30 83 0 0 -5
138.300000 29 84 0 0 -5
138.400000 27 86 0 0 -5
138.500000 27 87 0 0 -5
138.600000 27 88 0 0 -5
138.700000 26 89 0 0 -5
138.800000 25 90 0 0 -5
138.900000 23 92 0 0 -5
139.000000 22 93 0 0 -5
139.100000 21 94 0 0 -5
139.200000 20 95 0 0 -5
139.300000 19 96 0 0 -5
139.400000 17 98 0 0 -5
139.500000 16 99 0 0 -5
139.600000 15 100 0 0 -5
139.700000 15 101 0 0 -5
139.800000 15 102 0 0 -5
139.900000 15 103 0 0 -5
140.000000 15 103 0 0 -5
140.100000 15 104 0 0 -5
140.200000 14 105 0 0 -5
140.300000 13 106 0 0 -5
140.400000 11 108 0 0 -5
140.500000 10 109 0 0 -5
140.600000 9 110 0 0 -5
140.700000 8 111 0 0 -5
140.800000 7 112 0 0 -5
140.900000 6 114 0 0 -5
141.000000 6 114 0 0 -5
141.100000 7 114 0 0 -5
141.200000 7 115 0 0 -5
141.300000 8 116 0 0 -5
141.400000 8 117 0 0 -5
141.500000 8 117 0 0 -5
141.600000 7 111 20 0 -5
141.700000 7 104 20 0 -5
141.800000 6 97 20 3 -5
141.900000 4 91 20 5 -5
142.000000 4 84 20 8 -5
142.100000 4 76 20 11 -5
142.200000 4 68 20 14 -5
142.300000 3 61 20 18 -5
142.400000 1 55 20 20 -5
142.500000 1 48 20 25 -5
142.600000 0 48 0 25 0
142.700000 0 49 0 24 0
142.800000 0 49 0 23 0
142.900000 0 49 0 23 0
143.000000 0 50 0 22 0
143.100000 0 50 0 21 0
143.200000 0 50 0 20 0
143.300000 0 51 0 20 0
143.400000 1 51 0 19 0
143.500000 0 52 0 18 0
143.600000 2 53 0 18 0
143.700000 3 53 0 17 0
143.800000 3 53 0 16 0
143.900000 4 53 0 16 0
144.000000 5 53 0 15 0
144.100000 6 53 0 14 0
144.200000 6 53 0 14 0
144.300000 5 54 0 13 0
144.400000 4 55 0 12 0
144.500000 3 56 0 12 0
144.600000 34 57 0 11 0
144.700000 32 59 0 10 0
144.800000 31 60 0 9 0
144.900000 31 61 0 8 0
145.000000 30 62 0 8 0
145.100000 29 63 0 7 0
145.200000 27 65 0 6 0
145.300000 26 66 0 5 0
145.400000 25 67 0 4 0
145.500000 24 68 0 3 0
145.600000 26 69 0 2 0
145.700000 26 70 0 1 0
145.800000 28 70 0 0 0
145.900000 28 70 0 0 0
146.000000 28 70 0 0 0
146.100000 28 70 0 0 0
146.200000 30 70 0 0 0
146.300000 31 70 0 0 0
146.400000 31 70 0 0 0
146.500000 31 70 0 0 0
146.600000 31 70 0 0 0
146.700000 31 71 0 0 0
146.800000 30 72 0 0 0
146.900000 30 73 0 0 0
147.000000 30 73 0 0 0
147.100000 30 73 0 0 0
147.200000 28 75 0 0 0
147.300000 28 76 0 0 0
147.400000 27 77 0 0 0
147.500000 26 78 0 0 0
147.600000 26 79 0 0 0
147.700000 24 81 0 0 0
147.800000 23 82 0 0 0
147.900000 22 83 0 0 0
148.000000 22 84 0 0 0
148.100000 21 85 0 0 0
148.200000 21 85 0 0 0
148.300000 21 86 0 0 0
148.400000 21 87 0 0 0
148.500000 20 88 0 0 0
148.600000 19 89 0 0 0
148.700000 17 91 0 0 0
148.800000 16 92 0 0 0
148.900000 16 93 0 0 0
149.000000 15 94 0 0 0
149.100000 14 88 20 1 0
149.200000 12 82 20 5 0
149.300000 11 75 20 7 0
149.400000 11 68 20 8 0
149.500000 11 61 20 11 0
149.600000 10 54 20 13 0
149.700000 8 48 20 14 0
149.800000 8 41 20 15 0
149.900000 8 34 20 16 0
150.000000 8 26 20 18 0
150.100000 10 25 0 18 -5
150.200000 11 25 0 17 -5
150.300000 10 26 0 16 -5
150.400000 9 27 0 15 -5
150.500000 9 28 0 14 -5
150.600000 9 29 0 13 -5
150.700000 7 31 0 12 -5
150.800000 6 32 0 12 -5
150.900000 5 33 0 11 -5
151.000000 5 34 0 10 -5
151.100000 4 35 0 9 -5
151.200000 2 37 0 8 -5
151.300000 2 38 0 7 -5
151.400000 2 38 0 6 -5
151.500000 2 38 0 5 -5
151.600000 2 39 0 4 -5
151.700000 0 41 0 4 -5
151.800000 0 42 0 3 -5
151.900000 0 42 0 3 -5
152.000000 0 43 0 2 -5
152.100000 0 43 0 1 -5
152.200000 0 43 0 1 -5
152.300000 0 43 0 0 -5
152.400000 24 44 0 0 -5
152.500000 24 45 0 0 -5
152.600000 24 45 0 0 -5
152.700000 24 45 0 0 -5
152.800000 22 47 0 0 -5
152.900000 22 48 0 0 -5
153.000000 21 49 0 0 -5
153.100000 20 50 0 0 -5
153.200000 19 51 0 0 -5
153.300000 17 53 0 0 -5
153.400000 19 54 0 0 -5
153.500000 19 54 0 0 -5
153.600000 19 54 0 0 -5
153.700000 19 55 0 0 -5
153.800000 19 55 0 0 -5
153.900000 18 56 0 0 -5
154.000000 17 57 0 0 -5
154.100000 16 58 0 0 -5
154.200000 15 59 0 0 -5
154.300000 14 61 0 0 -5
154.400000 14 61 0 0 -5
154.500000 14 61 0 0 -5
154.600000 14 62 0 0 -5
154.700000 13 63 0 0 -5
154.800000 13 63 0 0 -5
154.900000 13 64 0 0 -5
155.000000 13 64 0 0 -5
155.100000 14 64 0 0 -5
155.200000 14 65 0 0 -5
155.300000 13 66 0 0 -5
155.400000 13 66 0 0 -5
155.500000 12 67 0 0 -5
155.600000 11 68 0 0 -5
155.700000 12 69 0 0 -5
155.800000 11 71 0 0 -5
155.900000 10 72 0 0 -5
156.000000 9 73 0 0 -5
156.100000 8 74 0 0 -5
156.200000 7 75 0 0 -5
156.300000 5 77 0 0 -5
156.400000 5 78 0 0 -5
156.500000 5 78 0 0 -5
156.600000 5 71 20 2 -5
156.700000 4 64 20 5 -5
156.800000 3 58 20 5 -5
156.900000 2 51 20 8 -5
157.000000 1 44 20 10 -5
157.100000 0 37 20 15 -5
157.200000 0 30 20 18 -5
157.300000 0 22 20 21 -5
157.400000 0 15 20 24 -5
157.500000 0 7 20 29 -5
157.600000 0 6 0 29 0
157.700000 0 6 0 28 0
157.800000 0 7 0 27 0
157.900000 1 7 0 26 0
158.000000 0 9 0 26 0
158.100000 0 9 0 25 0
158.200000 0 9 0 24 0
158.300000 0 9 0 24 0
158.400000 0 10 0 23 0
158.500000 0 10 0 22 0
158.600000 0 10 0 22 0
158.700000 0 10 0 21 0
158.800000 0 10 0 20 0
158.900000 0 10 0 19 0
159.000000 0 11 0 19 0
159.100000 0 11 0 18 0
159.200000 0 11 0 18 0
159.300000 0 11 0 17 0
159.400000 0 11 0 16 0
159.500000 0 12 0 15 0
159.600000 0 12 0 14 0
159.700000 0 13 0 14 0
159.800000 32 13 0 13 0
159.900000 31 14 0 12 0
160.000000 29 16 0 11 0
160.100000 28 17 0 11 0
160.200000 27 18 0 10 0
160.300000 26 19 0 10 0
160.400000 25 20 0 9 0
160.500000 23 22 0 8 0
160.600000 22 23 0 7 0
160.700000 21 24 0 6 0
160.800000 22 25 0 5 0
160.900000 21 26 0 4 0
161.000000 21 26 0 3 0
161.100000 21 27 0 2 0
161.200000 20 28 0 1 0
161.300000 19 29 0 1 0
161.400000 18 30 0 0 0
161.500000 16 32 0 0 0
161.600000 15 33 0 0 0
161.700000 15 34 0 0 0
161.800000 14 35 0 0 0
161.900000 14 36 0 0 0
162.000000 12 38 0 0 0
162.100000 11 39 0 0 0
162.200000 10 40 0 0 0
162.300000 9 41 0 0 0
162.400000 8 42 0 0 0
162.500000 6 44 0 0 0
162.600000 5 45 0 0 0
162.700000 4 46 0 0 0
162.800000 3 47 0 0 0
162.900000 3 48 0 0 0
163.000000 2 50 0 0 0
163.100000 2 50 0 0 0
163.200000 3 50 0 0 0
163.300000 2 51 0 0 0
163.400000 1 52 0 0 0
163.500000 0 54 0 0 0
163.600000 0 54 0 0 0
163.700000 0 54 0 0 0
163.800000 0 55 0 0 0
163.900000 1 55 0 0 0
164.000000 1 55 0 0 0
164.100000 1 48 20 0 0
164.200000 1 40 20 1 0
164.300000 1 33 20 4 0
164.400000 1 25 20 7 0
164.500000 1 17 20 8 0
164.600000 0 11 20 9 0
164.700000 0 3 20 13 0
164.800000 0 0 20 13 0
164.900000 0 0 20 13 0
165.000000 1 0 20 12 0
165.100000 2 0 0 11 -5
165.200000 0 2 0 11 -5
165.300000 0 3 0 11 -5
165.400000 0 3 0 10 -5
165.500000 2 4 0 9 -5
165.600000 1 5 0 8 -5
165.700000 0 6 0 7 -5
165.800000 0 7 0 6 -5
165.900000 0 7 0 5 -5
166.000000 0 7 0 4 -5
166.100000 0 8 0 3 -5
166.200000 0 9 0 2 -5
166.300000 0 10 0 1 -5
166.400000 0 11 0 0 -5
166.500000 0 11 0 0 -5
166.600000 0 11 0 0 -5
166.700000 0 11 0 0 -5
166.800000 0 11 0 0 -5
166.900000 0 11 0 0 -5
167.000000 0 12 0 0 -5
167.100000 0 13 0 0 -5
167.200000 0 13 0 0 -5
167.300000 0 13 0 0 -5
167.400000 0 13 0 0 -5
167.500000 0 14 0 0 -5
167.600000 0 14 0 0 -5
167.700000 0 14 0 0 -5
167.800000 0 15 0 0 -5
167.900000 33 15 0 0 -5
168.000000 31 17 0 0 -5
168.100000 31 18 0 0 -5
168.200000 32 18 0 0 -5
168.300000 32 18 0 0 -5
168.400000 31 19 0 0 -5
168.500000 29 21 0 0 -5
168.600000 28 22 0 0 -5
168.700000 28 23 0 0 -5
168.800000 28 24 0 0 -5
168.900000 28 24 0 0 -5
169.000000 27 25 0 0 -5
169.100000 26 26 0 0 -5
169.200000 27 27 0 0 -5
169.300000 28 27 0 0 -5
169.400000 29 27 0 0 -5
169.500000 28 29 0 0 -5
169.600000 27 30 0 0 -5
169.700000 27 31 0 0 -5
169.800000 27 32 0 0 -5
169.900000 26 33 0 0 -5
170.000000 25 35 0 0 -5
170.100000 24 36 0 0 -5
170.200000 23 37 0 0 -5
170.300000 22 38 0 0 -5
170.400000 21 39 0 0 -5
170.500000 19 41 0 0 -5
170.600000 18 42 0 0 -5
170.700000 17 43 0 0 -5
170.800000 16 44 0 0 -5
170.900000 15 45 0 0 -5
171.000000 14 47 0 0 -5
171.100000 13 48 0 0 -5
171.200000 13 49 0 0 -5
171.300000 13 49 0 0 -5
171.400000 14 49 0 0 -5
171.500000 14 50 0 0 -5
171.600000 14 42 20 4 -5
171.700000 14 35 20 7 -5
171.800000 14 27 20 10 -5
171.900000 14 19 20 14 -5
172.000000 12 13 20 13 -5
172.100000 11 6 20 13 -5
172.200000 10 0 20 15 -5
172.300000 10 0 20 14 -5
172.400000 9 0 20 13 -5
172.500000 7 0 20 13 -5
172.600000 7 1 0 13 0
172.700000 7 1 0 12 0
172.800000 8 1 0 11 0
172.900000 7 2 0 10 0
173.000000 5 4 0 9 0
173.100000 4 5 0 8 0
173.200000 4 6 0 7 0
173.300000 4 6 0 6 0
173.400000 5 6 0 5 0
173.500000 5 7 0 5 0
173.600000 5 7 0 4 0
173.700000 5 7 0 4 0
173.800000 6 7 0 4 0
173.900000 5 8 0 3 0
174.000000 5 8 0 3 0
174.100000 4 9 0 2 0
174.200000 4 10 0 1 0
174.300000 4 11 0 0 0
174.400000 4 12 0 0 0
174.500000 5 12 0 0 0
174.600000 4 13 0 0 0
174.700000 5 14 0 0 0
174.800000 5 14 0 0 0
174.900000 5 14 0 0 0
175.000000 3 16 0 0 0
175.100000 37 17 0 0 0
175.200000 38 17 0 0 0
175.300000 38 17 0 0 0
175.400000 37 18 0 0 0
175.500000 35 20 0 0 0
175.600000 34 21 0 0 0
175.700000 34 22 0 0 0
175.800000 34 22 0 0 0
175.900000 35 22 0 0 0
176.000000 33 24 0 0 0
176.100000 32 25 0 0 0
176.200000 31 26 0 0 0
176.300000 30 27 0 0 0
176.400000 29 28 0 0 0
176.500000 27 30 0 0 0
176.600000 27 31 0 0 0
176.700000 27 31 0 0 0
176.800000 27 31 0 0 0
176.900000 26 32 0 0 0
177.000000 25 34 0 0 0
177.100000 25 35 0 0 0
177.200000 24 36 0 0 0
177.300000 23 37 0 0 0
177.400000 22 38 0 0 0
177.500000 20 40 0 0 0
177.600000 19 41 0 0 0
177.700000 18 42 0 0 0
177.800000 17 43 0 0 0
177.900000 16 44 0 0 0
178.000000 16 46 0 0 0
178.100000 16 46 0 0 0
178.200000 16 46 0 0 0
178.300000 15 47 0 0 0
178.400000 14 48 0 0 0
178.500000 13 50 0 0 0
178.600000 12 51 0 0 0
178.700000 11 52 0 0 0
178.800000 10 53 0 0 0
178.900000 9 54 0 0 0
179.000000 7 56 0 0 0
179.100000 6 57 0 0 0
179.200000 6 58 0 0 0
179.300000 5 59 0 0 0
179.400000 6 59 0 0 0
179.500000 6 60 0 0 0
179.600000 6 61 0 0 0
179.700000 5 62 0 0 0
179.800000 4 63 0 0 0
179.900000 3 64 0 0 0
180.000000 1 66 0 0 0
180.100000 2 67 0 0 -5
180.200000 1 68 0 0 -5
180.300000 0 69 0 0 -5
180.400000 0 70 0 0 -5
180.500000 0 71 0 0 -5
180.600000 1 71 0 0 -5
180.700000 1 71 0 0 -5
180.800000 0 72 0 0 -5
180.900000 0 73 0 0 -5
181.000000 0 74 0 0 -5
181.100000 0 74 0 0 -5
181.200000 0 74 0 0 -5
181.300000 0 74 0 0 -5
181.400000 0 75 0 0 -5
181.500000 0 76 0 0 -5
181.600000 0 76 0 0 -5
181.700000 0 76 0 0 -5
181.800000 0 76 0 0 -5
181.900000 0 76 0 0 -5
182.000000 1 76 0 0 -5
182.100000 2 76 0 0 -5
182.200000 3 76 0 0 -5
182.300000 4 76 0 0 -5
182.400000 3 77 0 0 -5
182.500000 2 78 0 0 -5
182.600000 2 79 0 0 -5
182.700000 1 80 0 0 -5
182.800000 0 81 0 0 -5
182.900000 0 82 0 0 -5
183.000000 32 82 0 0 -5
183.100000 31 83 0 0 -5
183.200000 31 84 0 0 -5
183.300000 31 84 0 0 -5
183.400000 31 84 0 0 -5
183.500000 29 86 0 0 -5
183.600000 28 87 0 0 -5
183.700000 27 88 0 0 -5
183.800000 26 89 0 0 -5
183.900000 25 90 0 0 -5
184.000000 23 92 0 0 -5
184.100000 23 93 0 0 -5
184.200000 23 94 0 0 -5
184.300000 22 95 0 0 -5
184.400000 21 96 0 0 -5
184.500000 20 98 0 0 -5
184.600000 20 99 0 0 -5
184.700000 21 99 0 0 -5
184.800000 23 99 0 0 -5
184.900000 22 100 0 0 -5
185.000000 20 102 0 0 -5
185.100000 19 103 0 0 -5
185.200000 20 104 0 0 -5
185.300000 19 105 0 0 -5
185.400000 18 106 0 0 -5
185.500000 16 108 0 0 -5
185.600000 15 109 0 0 -5
185.700000 14 110 0 0 -5
185.800000 13 111 0 0 -5
185.900000 12 112 0 0 -5
186.000000 10 114 0 0 -5
186.100000 9 115 0 0 -5
186.200000 8 116 0 0 -5
186.300000 7 117 0 0 -5
186.400000 6 118 0 0 -5
186.500000 5 120 0 0 -5
186.600000 4 113 20 1 -5
186.700000 3 106 20 5 -5
186.800000 2 99 20 8 -5
186.900000 1 92 20 8 -5
187.000000 0 86 20 10 -5
187.100000 0 78 20 12 -5
187.200000 0 70 20 14 -5
187.300000 0 62 20 15 -5
187.400000 0 54 20 20 -5
187.500000 0 47 20 20 -5
187.600000 0 47 0 19 0
187.700000 0 47 0 18 0
187.800000 0 47 0 17 0
187.900000 0 47 0 16 0
188.000000 0 48 0 15 0
188.100000 1 48 0 14 0
188.200000 1 48 0 13 0
188.300000 1 48 0 13 0
188.400000 2 49 0 12 0
188.500000 1 50 0 11 0
188.600000 0 51 0 10 0
188.700000 0 52 0 10 0
188.800000 0 52 0 9 0
188.900000 0 52 0 8 0
189.000000 0 52 0 7 0
189.100000 0 52 0 6 0
189.200000 0 53 0 5 0
189.300000 0 53 0 4 0
189.400000 0 53 0 4 0
189.500000 0 54 0 3 0
189.600000 24 55 0 2 0
189.700000 23 56 0 1 0
189.800000 23 58 0 0 0
189.900000 23 58 0 1 0
190.000000 23 58 0 0 0
190.100000 22 59 0 0 0
190.200000 22 60 0 0 0
190.300000 21 61 0 0 0
190.400000 23 61 0 0 0
190.500000 22 62 0 0 0
190.600000 21 63 0 0 0
190.700000 20 64 0 0 0
190.800000 19 66 0 0 0
190.900000 19 66 0 0 0
191.000000 20 66 0 0 0
191.100000 19 67 0 0 0
191.200000 18 68 0 0 0
191.300000 17 70 0 0 0
191.400000 17 70 0 0 0
191.500000 17 70 0 0 0
191.600000 16 71 0 0 0
191.700000 15 72 0 0 0
191.800000 15 74 0 0 0
191.900000 14 75 0 0 0
192.000000 13 76 0 0 0
192.100000 13 77 0 0 0
192.200000 12 78 0 0 0
192.300000 11 80 0 0 0
192.400000 10 81 0 0 0
192.500000 9 82 0 0 0
192.600000 8 83 0 0 0
192.700000 7 84 0 0 0
192.800000 5 86 0 0 0
192.900000 4 87 0 0 0
193.000000 3 88 0 0 0
193.100000 2 89 0 0 0
193.200000 1 90 0 0 0
193.300000 0 92 0 0 0
193.400000 0 92 0 0 0
193.500000 0 92 0 0 0
193.600000 0 93 0 0 0
193.700000 0 94 0 0 0
193.800000 0 95 0 0 0
193.900000 0 95 0 0 0
194.000000 0 95 0 0 0
194.100000 0 87 20 3 0
194.200000 0 79 20 5 0
194.300000 0 71 20 8 0
194.400000 0 63 20 9 0
194.500000 0 55 20 13 0
194.600000 0 47 20 18 0
194.700000 0 40 20 18 0
194.800000 0 32 20 21 0
194.900000 0 24 20 25 0
195.000000 0 16 20 27 0
195.100000 0 16 0 26 -5
195.200000 0 16 0 25 -5
195.300000 0 16 0 24 -5
195.400000 0 16 0 23 -5
195.500000 0 16 0 22 -5
195.600000 0 16 0 21 -5
195.700000 0 16 0 20 -5
195.800000 0 16 0 19 -5
195.900000 2 16 0 18 -5
196.000000 2 17 0 17 -5
196.100000 3 17 0 17 -5
196.200000 4 17 0 16 -5
196.300000 5 17 0 15 -5
196.400000 5 17 0 14 -5
196.500000 5 17 0 13 -5
196.600000 5 17 0 12 -5
196.700000 6 17 0 11 -5
196.800000 6 17 0 10 -5
196.900000 6 17 0 10 -5
197.000000 6 17 0 9 -5
197.100000 6 18 0 10 -5
197.200000 5 19 0 9 -5
197.300000 4 20 0 8 -5
197.400000 2 22 0 7 -5
197.500000 1 23 0 7 -5
197.600000 1 24 0 6 -5
197.700000 1 24 0 5 -5
197.800000 1 24 0 4 -5
197.900000 0 26 0 3 -5
198.000000 31 27 0 2 -5
198.100000 31 28 0 1 -5
198.200000 30 29 0 0 -5
198.300000 29 30 0 0 -5
198.400000 28 31 0 0 -5
198.500000 26 33 0 0 -5
198.600000 25 34 0 0 -5
198.700000 24 35 0 0 -5
198.800000 24 36 0 0 -5
198.900000 23 37 0 0 -5
199.000000 24 37 0 0 -5
199.100000 24 38 0 0 -5
199.200000 23 39 0 0 -5
199.300000 22 40 0 0 -5
199.400000 21 41 0 0 -5
199.500000 19 43 0 0 -5
199.600000 18 44 0 0 -5
199.700000 17 45 0 0 -5
199.800000 16 46 0 0 -5
199.900000 15 47 0 0 -5
200.000000 13 49 0 0 -5
200.100000 12 50 0 0 -5
200.200000 11 51 0 0 -5
200.300000 10 52 0 0 -5
200.400000 9 53 0 0 -5
200.500000 7 55 0 0 -5
200.600000 6 56 0 0 -5
200.700000 5 57 0 0 -5
200.800000 5 58 0 0 -5
200.900000 4 59 0 0 -5
201.000000 3 61 0 0 -5
201.100000 2 62 0 0 -5
201.200000 2 63 0 0 -5
201.300000 1 64 0 0 -5
201.400000 0 65 0 0 -5
201.500000 0 66 0 0 -5
201.600000 0 59 20 2 -5
201.700000 0 51 20 4 -5
201.800000 2 43 20 6 -5
201.900000 3 35 20 8 -5
202.000000 4 27 20 8 -5
202.100000 4 19 20 11 -5
202.200000 4 11 20 16 -5
202.300000 4 4 20 19 -5
202.400000 3 0 20 21 -5
202.500000 2 0 20 20 -5
202.600000 2 1 0 19 0
202.700000 1 2 0 19 0
202.800000 0 4 0 18 0
202.900000 0 5 0 17 0
203.000000 0 5 0 16 0
203.100000 0 5 0 15 0
203.200000 0 5 0 16 0
203.300000 0 5 0 16 0
203.400000 0 6 0 17 0
203.500000 0 7 0 17 0
203.600000 0 8 0 16 0
203.700000 1 8 0 16 0
203.800000 2 9 0 16 0
203.900000 1 10 0 15 0
204.000000 0 12 0 14 0
204.100000 0 12 0 13 0
204.200000 0 12 0 13 0
204.300000 0 12 0 13 0
204.400000 0 13 0 12 0
204.500000 0 13 0 11 0
204.600000 0 13 0 10 0
204.700000 0 14 0 9 0
204.800000 0 14 0 8 0
204.900000 29 15 0 8 0
205.000000 28 16 0 7 0
205.100000 28 17 0 6 0
205.200000 27 18 0 5 0
205.300000 28 19 0 4 0
205.400000 27 20 0 3 0
205.500000 27 20 0 3 0
205.600000 27 20 0 2 0
205.700000 27 20 0 2 0
205.800000 26 21 0 1 0
205.900000 24 23 0 0 0
206.000000 24 24 0 0 0
206.100000 23 25 0 0 0
206.200000 24 26 0 0 0
206.300000 23 27 0 0 0
206.400000 21 29 0 0 0
206.500000 20 30 0 0 0
206.600000 19 31 0 0 0
206.700000 18 32 0 0 0
206.800000 17 33 0 0 0
206.900000 15 35 0 0 0
207.000000 15 36 0 0 0
207.100000 15 36 0 0 0
207.200000 15 36 0 0 0
207.300000 14 37 0 0 0
207.400000 12 39 0 0 0
207.500000 12 40 0 0 0
207.600000 12 40 0 0 0
207.700000 12 40 0 0 0
207.800000 11 41 0 0 0
207.900000 9 43 0 0 0
208.000000 8 44 0 0 0
208.100000 7 45 0 0 0
208.200000 6 46 0 0 0
208.300000 6 47 0 0 0
208.400000 6 47 0 0 0
208.500000 5 48 0 0 0
208.600000 5 49 0 0 0
208.700000 5 50 0 0 0
208.800000 4 51 0 0 0
208.900000 4 53 0 0 0
209.000000 7 53 0 0 0
209.100000 7 45 20 2 0
209.200000 7 37 20 5 0
209.300000 7 29 20 8 0
209.400000 6 23 20 10 0
209.500000 5 16 20 13 0
209.600000 5 9 20 17 0
209.700000 4 2 20 20 0
209.800000 3 0 20 20 0
209.900000 1 0 20 21 0
210.000000 0 0 20 21 0
210.100000 0 1 0 20 -5
210.200000 0 2 0 19 -5
210.300000 0 3 0 18 -5
210.400000 0 3 0 17 -5
210.500000 0 3 0 16 -5
210.600000 0 3 0 15 -5
210.700000 0 3 0 14 -5
210.800000 0 3 0 14 -5
210.900000 0 3 0 13 -5
211.000000 0 3 0 12 -5
211.100000 0 4 0 11 -5
211.200000 0 4 0 10 -5
211.300000 0 4 0 10 -5
211.400000 0 4 0 9 -5
211.500000 0 4 0 8 -5
211.600000 0 5 0 7 -5
211.700000 0 5 0 7 -5
211.800000 0 5 0 7 -5
211.900000 0 6 0 7 -5
212.000000 0 6 0 6 -5
212.100000 0 7 0 5 -5
212.200000 1 7 0 4 -5
212.300000 2 7 0 3 -5
212.400000 3 7 0 2 -5
212.500000 3 7 0 1 -5
212.600000 2 8 0 1 -5
212.700000 33 10 0 0 -5
212.800000 32 11 0 0 -5
212.900000 31 12 0 0 -5
213.000000 30 13 0 0 -5
213.100000 29 14 0 0 -5
213.200000 28 16 0 0 -5
213.300000 28 17 0 0 -5
213.400000 27 18 0 0 -5
213.500000 26 19 0 0 -5
213.600000 25 20 0 0 -5
213.700000 23 22 0 0 -5
213.800000 23 23 0 0 -5
213.900000 22 24 0 0 -5
214.000000 22 24 0 0 -5
214.100000 22 24 0 0 -5
214.200000 20 26 0 0 -5
214.300000 19 27 0 0 -5
214.400000 18 28 0 0 -5
214.500000 17 29 0 0 -5
214.600000 16 30 0 0 -5
214.700000 15 32 0 0 -5
214.800000 15 32 0 0 -5
214.900000 15 32 0 0 -5
215.000000 14 33 0 0 -5
215.100000 14 34 0 0 -5
215.200000 14 36 0 0 -5
215.300000 13 37 0 0 -5
215.400000 13 38 0 0 -5
215.500000 12 39 0 0 -5
215.600000 11 40 0 0 -5
215.700000 9 42 0 0 -5
215.800000 9 43 0 0 -5
215.900000 10 44 0 0 -5
216.000000 10 44 0 0 -5
216.100000 11 44 0 0 -5
216.200000 9 46 0 0 -5
216.300000 8 47 0 0 -5
216.400000 7 48 0 0 -5
216.500000 6 49 0 0 -5
216.600000 5 42 20 0 -5
216.700000 4 36 20 1 -5
216.800000 3 29 20 4 -5
216.900000 3 22 20 6 -5
217.000000 3 15 20 9 -5
217.100000 2 8 20 13 -5
217.200000 0 2 20 17 -5
217.300000 0 0 20 16 -5
217.400000 0 0 20 15 -5
217.500000 0 0 20 14 -5
217.600000 0 0 0 13 0
217.700000 0 0 0 13 0
217.800000 0 0 0 12 0
217.900000 0 0 0 11 0
218.000000 0 1 0 10 0
218.100000 0 1 0 9 0
218.200000 0 1 0 8 0
218.300000 0 1 0 8 0
218.400000 0 2 0 7 0
218.500000 0 2 0 6 0
218.600000 0 2 0 5 0
218.700000 0 2 0 4 0
218.800000 0 3 0 3 0
218.900000 0 3 0 3 0
219.000000 0 3 0 2 0
219.100000 0 4 0 1 0
219.200000 0 4 0 0 0
219.300000 0 4 0 0 0
219.400000 0 4 0 0 0
219.500000 0 4 0 0 0
219.600000 0 5 0 0 0
219.700000 0 6 0 0 0
219.800000 1 7 0 0 0
219.900000 1 7 0 0 0
220.000000 0 8 0 0 0
220.100000 25 9 0 0 0
220.200000 24 10 0 0 0
220.300000 23 11 0 0 0
220.400000 23 12 0 0 0
220.500000 21 14 0 0 0
220.600000 20 15 0 0 0
220.700000 20 16 0 0 0
220.800000 19 17 0 0 0
220.900000 19 18 0 0 0
221.000000 17 20 0 0 0
221.100000 16 21 0 0 0
221.200000 15 22 0 0 0
221.300000 15 23 0 0 0
221.400000 14 24 0 0 0
221.500000 12 26 0 0 0
221.600000 11 27 0 0 0
221.700000 12 28 0 0 0
221.800000 11 29 0 0 0
221.900000 10 30 0 0 0
222.000000 8 32 0 0 0
222.100000 7 33 0 0 0
222.200000 7 34 0 0 0
222.300000 6 35 0 0 0
222.400000 6 36 0 0 0
222.500000 5 38 0 0 0
222.600000 5 38 0 0 0
222.700000 5 38 0 0 0
222.800000 5 39 0 0 0
222.900000 6 40 0 0 0
223.000000 5 41 0 0 0
223.100000 6 41 0 0 0
223.200000 5 42 0 0 0
223.300000 4 43 0 0 0
223.400000 5 44 0 0 0
223.500000 5 45 0 0 0
223.600000 5 45 0 0 0
223.700000 5 45 0 0 0
223.800000 6 45 0 0 0
223.900000 9 45 0 0 0
224.000000 8 46 0 0 0
224.100000 7 39 20 0 0
224.200000 6 32 20 1 0
224.300000 6 25 20 4 0
224.400000 5 18 20 10 0
224.500000 3 12 20 12 0
224.600000 2 5 20 16 0
224.700000 1 0 20 16 0
224.800000 0 0 20 17 0
224.900000 0 0 20 17 0
225.000000 0 0 20 16 0
225.100000 0 0 0 15 -5
225.200000 0 0 0 14 -5
225.300000 0 0 0 13 -5
225.400000 0 0 0 12 -5
225.500000 0 0 0 11 -5
225.600000 0 0 0 12 -5
225.700000 0 0 0 11 -5
225.800000 0 0 0 11 -5
225.900000 0 0 0 10 -5
226.000000 0 0 0 9 -5
226.100000 0 1 0 8 -5
226.200000 0 1 0 7 -5
226.300000 0 1 0 6 -5
226.400000 0 1 0 5 -5
226.500000 0 1 0 4 -5
226.600000 0 1 0 4 -5
226.700000 0 1 0 3 -5
226.800000 0 2 0 3 -5
226.900000 0 2 0 2 -5
227.000000 0 2 0 2 -5
227.100000 1 2 0 1 -5
227.200000 1 3 0 1 -5
227.300000 1 3 0 0 -5
227.400000 0 4 0 0 -5
227.500000 28 5 0 0 -5
227.600000 27 6 0 0 -5
227.700000 26 7 0 0 -5
227.800000 24 9 0 0 -5
227.900000 24 10 0 0 -5
228.000000 24 11 0 0 -5
228.100000 23 12 0 0 -5
228.200000 24 12 0 0 -5
228.300000 23 13 0 0 -5
228.400000 22 14 0 0 -5
228.500000 21 15 0 0 -5
228.600000 20 16 0 0 -5
228.700000 19 17 0 0 -5
228.800000 19 19 0 0 -5
228.900000 18 20 0 0 -5
229.000000 17 21 0 0 -5
229.100000 16 22 0 0 -5
229.200000 16 23 0 0 -5
229.300000 14 25 0 0 -5
229.400000 13 26 0 0 -5
229.500000 13 27 0 0 -5
229.600000 13 27 0 0 -5
229.700000 13 27 0 0 -5
229.800000 11 29 0 0 -5
229.900000 11 30 0 0 -5
230.000000 11 31 0 0 -5
230.100000 11 31 0 0 -5
230.200000 11 31 0 0 -5
230.300000 9 33 0 0 -5
230.400000 8 34 0 0 -5
230.500000 7 35 0 0 -5
230.600000 6 36 0 0 -5
230.700000 5 37 0 0 -5
230.800000 4 39 0 0 -5
230.900000 3 40 0 0 -5
231.000000 2 41 0 0 -5
231.100000 1 42 0 0 -5
231.200000 0 43 0 0 -5
231.300000 0 44 0 0 -5
231.400000 0 44 0 0 -5
231.500000 0 45 0 0 -5
231.600000 0 37 20 3 -5
231.700000 1 29 20 5 -5
231.800000 1 22 20 6 -5
231.900000 2 15 20 9 -5
232.000000 3 7 20 10 -5
232.100000 3 0 20 14 -5
232.200000 2 0 20 15 -5
232.300000 1 0 20 14 -5
232.400000 1 0 20 13 -5
232.500000 0 0 20 13 -5
232.600000 0 1 0 12 0
232.700000 0 1 0 11 0
232.800000 0 1 0 11 0
232.900000 0 1 0 10 0
233.000000 0 1 0 9 0
233.100000 1 1 0 8 0
233.200000 1 1 0 7 0
233.300000 0 2 0 6 0
233.400000 0 3 0 5 0
233.500000 0 4 0 4 0
233.600000 0 4 0 3 0
233.700000 0 5 0 3 0
233.800000 0 5 0 3 0
233.900000 0 5 0 2 0
234.000000 0 5 0 1 0
234.100000 0 6 0 0 0
234.200000 0 6 0 0 0
234.300000 0 6 0 0 0
234.400000 0 6 0 0 0
234.500000 0 7 0 0 0
234.600000 0 7 0 0 0
234.700000 0 7 0 0 0
234.800000 0 7 0 0 0
234.900000 31 7 0 0 0
235.000000 30 8 0 0 0
235.100000 30 9 0 0 0
235.200000 30 11 0 0 0
235.300000 32 11 0 0 0
235.400000 32 11 0 0 0
235.500000 33 11 0 0 0
235.600000 34 11 0 0 0
235.700000 34 11 0 0 0
235.800000 34 11 0 0 0
235.900000 34 11 0 0 0
236.000000 33 12 0 0 0
236.100000 32 13 0 0 0
236.200000 30 15 0 0 0
236.300000 29 16 0 0 0
236.400000 28 17 0 0 0
236.500000 28 18 0 0 0
236.600000 27 19 0 0 0
236.700000 25 21 0 0 0
236.800000 24 22 0 0 0
236.900000 23 23 0 0 0
237.000000 23 24 0 0 0
237.100000 22 25 0 0 0
237.200000 20 27 0 0 0
237.300000 20 28 0 0 0
237.400000 20 29 0 0 0
237.500000 21 29 0 0 0
237.600000 22 29 0 0 0
237.700000 21 30 0 0 0
237.800000 21 30 0 0 0
237.900000 20 31 0 0 0
238.000000 19 32 0 0 0
238.100000 18 33 0 0 0
238.200000 17 35 0 0 0
238.300000 16 36 0 0 0
238.400000 15 37 0 0 0
238.500000 15 38 0 0 0
238.600000 14 39 0 0 0
238.700000 12 41 0 0 0
238.800000 12 42 0 0 0
238.900000 13 42 0 0 0
239.000000 14 42 0 0 0
239.100000 14 43 0 0 0
239.200000 13 44 0 0 0
239.300000 14 44 0 0 0
239.400000 15 44 0 0 0
239.500000 16 44 0 0 0
239.600000 18 44 0 0 0
239.700000 20 45 0 0 0
239.800000 20 45 0 0 0
239.900000 21 45 0 0 0
240.000000 21 45 0 0 0
240.100000 21 45 0 0 -5
240.200000 23 45 0 0 -5
240.300000 22 46 0 0 -5
240.400000 21 47 0 0 -5
240.500000 20 48 0 0 -5
240.600000 19 49 0 0 -5
240.700000 17 51 0 0 -5
240.800000 16 52 0 0 -5
240.900000 15 53 0 0 -5
241.000000 14 54 0 0 -5
241.100000 13 55 0 0 -5
241.200000 11 57 0 0 -5
241.300000 10 58 0 0 -5
241.400000 9 59 0 0 -5
241.500000 9 60 0 0 -5
241.600000 8 61 0 0 -5
241.700000 6 63 0 0 -5
241.800000 5 64 0 0 -5
241.900000 4 65 0 0 -5
242.000000 3 66 0 0 -5
242.100000 2 67 0 0 -5
242.200000 0 69 0 0 -5
242.300000 0 70 0 0 -5
242.400000 0 71 0 0 -5
242.500000 0 71 0 0 -5
242.600000 0 71 0 0 -5
242.700000 0 72 0 0 -5
242.800000 0 72 0 0 -5
242.900000 25 73 0 0 -5
243.000000 24 74 0 0 -5
243.100000 22 76 0 0 -5
243.200000 24 77 0 0 -5
243.300000 24 77 0 0 -5
243.400000 24 77 0 0 -5
243.500000 23 78 0 0 -5
243.600000 22 80 0 0 -5
243.700000 21 81 0 0 -5
243.800000 21 82 0 0 -5
243.900000 20 83 0 0 -5
244.000000 20 84 0 0 -5
244.100000 18 86 0 0 -5
244.200000 17 87 0 0 -5
244.300000 16 88 0 0 -5
244.400000 16 89 0 0 -5
244.500000 15 90 0 0 -5
244.600000 13 92 0 0 -5
244.700000 12 93 0 0 -5
244.800000 11 94 0 0 -5
244.900000 10 95 0 0 -5
245.000000 10 96 0 0 -5
245.100000 9 98 0 0 -5
245.200000 8 99 0 0 -5
245.300000 8 100 0 0 -5
245.400000 8 101 0 0 -5
245.500000 8 101 0 0 -5
245.600000 7 102 0 0 -5
245.700000 6 103 0 0 -5
245.800000 7 104 0 0 -5
245.900000 6 105 0 0 -5
246.000000 5 106 0 0 -5
246.100000 3 108 0 0 -5
246.200000 2 109 0 0 -5
246.300000 1 110 0 0 -5
246.400000 0 111 0 0 -5
246.500000 0 112 0 0 -5
246.600000 0 104 20 3 -5
246.700000 0 97 20 5 -5
246.800000 2 90 20 7 -5
246.900000 3 82 20 7 -5
247.000000 2 75 20 9 -5
247.100000 2 68 20 14 -5
247.200000 2 61 20 16 -5
247.300000 2 54 20 17 -5
247.400000 1 47 20 19 -5
247.500000 1 39 20 23 -5
247.600000 0 40 0 23 0
247.700000 0 41 0 22 0
247.800000 0 41 0 21 0
247.900000 0 42 0 20 0
248.000000 0 42 0 19 0
248.100000 0 43 0 18 0
248.200000 0 43 0 17 0
248.300000 0 43 0 17 0
248.400000 0 43 0 16 0
248.500000 0 43 0 16 0
248.600000 0 43 0 15 0
248.700000 0 43 0 14 0
248.800000 0 44 0 13 0
248.900000 0 44 0 12 0
249.000000 0 44 0 11 0
249.100000 0 44 0 10 0
249.200000 0 45 0 10 0
249.300000 0 45 0 9 0
249.400000 0 46 0 9 0
249.500000 1 46 0 8 0
249.600000 1 46 0 7 0
249.700000 0 48 0 6 0
249.800000 0 48 0 5 0
249.900000 0 48 0 5 0
250.000000 1 48 0 4 0
250.100000 27 49 0 4 0
250.200000 27 50 0 3 0
250.300000 27 50 0 2 0
250.400000 27 50 0 2 0
250.500000 25 52 0 1 0
250.600000 24 53 0 0 0
250.700000 23 54 0 0 0
250.800000 22 55 0 0 0
250.900000 21 56 0 0 0
251.000000 21 58 0 0 0
251.100000 20 59 0 0 0
251.200000 21 60 0 0 0
251.300000 20 61 0 0 0
251.400000 19 62 0 0 0
251.500000 17 64 0 0 0
251.600000 16 65 0 0 0
251.700000 15 66 0 0 0
251.800000 14 67 0 0 0
251.900000 13 68 0 0 0
252.000000 11 70 0 0 0
252.100000 10 71 0 0 0
252.200000 10 72 0 0 0
252.300000 10 72 0 0 0
252.400000 10 72 0 0 0
252.500000 8 74 0 0 0
252.600000 7 75 0 0 0
252.700000 6 76 0 0 0
252.800000 5 77 0 0 0
252.900000 5 78 0 0 0
253.000000 4 80 0 0 0
253.100000 5 80 0 0 0
253.200000 5 80 0 0 0
253.300000 4 81 0 0 0
253.400000 3 82 0 0 0
253.500000 1 84 0 0 0
253.600000 1 85 0 0 0
253.700000 0 86 0 0 0
253.800000 0 87 0 0 0
253.900000 0 87 0 0 0
254.000000 0 87 0 0 0
254.100000 0 79 20 1 0
254.200000 0 72 20 4 0
254.300000 0 64 20 8 0
254.400000 0 56 20 10 0
254.500000 0 48 20 13 0
254.600000 0 40 20 16 0
254.700000 0 32 20 18 0
254.800000 0 25 20 21 0
254.900000 0 17 20 25 0
255.000000 0 9 20 26 0
255.100000 0 9 0 25 -5
255.200000 0 9 0 24 -5
255.300000 0 9 0 23 -5
255.400000 0 10 0 22 -5
255.500000 0 10 0 21 -5
255.600000 1 10 0 20 -5
255.700000 0 11 0 20 -5
255.800000 0 12 0 19 -5
255.900000 0 12 0 18 -5
256.000000 0 12 0 18 -5
256.100000 1 12 0 17 -5
256.200000 0 13 0 16 -5
256.300000 0 14 0 15 -5
256.400000 0 15 0 14 -5
256.500000 1 15 0 14 -5
256.600000 2 16 0 13 -5
256.700000 1 18 0 13 -5
256.800000 1 19 0 12 -5
256.900000 2 19 0 11 -5
257.000000 3 19 0 11 -5
257.100000 3 19 0 10 -5
257.200000 2 20 0 9 -5
257.300000 2 21 0 9 -5
257.400000 2 21 0 8 -5
257.500000 2 21 0 7 -5
257.600000 1 22 0 6 -5
257.700000 1 24 0 6 -5
257.800000 35 24 0 7 -5
257.900000 35 24 0 6 -5
258.000000 34 25 0 6 -5
258.100000 33 26 0 5 -5
258.200000 31 28 0 4 -5
258.300000 32 29 0 3 -5
258.400000 32 29 0 2 -5
258.500000 32 29 0 1 -5
258.600000 31 30 0 0 -5
258.700000 29 32 0 0 -5
258.800000 28 33 0 0 -5
258.900000 27 34 0 0 -5
259.000000 26 35 0 0 -5
259.100000 25 36 0 0 -5
259.200000 24 38 0 0 -5
259.300000 24 38 0 0 -5
259.400000 25 38 0 0 -5
259.500000 24 39 0 0 -5
259.600000 24 39 0 0 -5
259.700000 24 40 0 0 -5
259.800000 23 41 0 0 -5
259.900000 22 42 0 0 -5
260.000000 21 43 0 0 -5
260.100000 20 44 0 0 -5
260.200000 18 46 0 0 -5
260.300000 17 47 0 0 -5
260.400000 16 48 0 0 -5
260.500000 16 49 0 0 -5
260.600000 15 50 0 0 -5
260.700000 13 52 0 0 -5
260.800000 12 53 0 0 -5
260.900000 11 54 0 0 -5
261.000000 11 55 0 0 -5
261.100000 11 56 0 0 -5
261.200000 10 58 0 0 -5
261.300000 9 59 0 0 -5
261.400000 9 60 0 0 -5
261.500000 8 61 0 0 -5
261.600000 7 54 20 1 -5
261.700000 5 48 20 3 -5
261.800000 4 41 20 3 -5
261.900000 3 34 20 8 -5
262.000000 3 27 20 9 -5
262.100000 2 20 20 12 -5
262.200000 0 14 20 14 -5
262.300000 0 7 20 17 -5
262.400000 1 0 20 19 -5
262.500000 2 0 20 18 -5
262.600000 2 0 0 18 0
262.700000 2 0 0 19 0
262.800000 2 0 0 18 0
262.900000 2 1 0 17 0
263.000000 2 2 0 16 0
263.100000 2 3 0 15 0
263.200000 2 3 0 14 0
263.300000 1 4 0 14 0
263.400000 0 5 0 13 0
263.500000 0 6 0 13 0
263.600000 0 6 0 12 0
263.700000 0 7 0 11 0
263.800000 0 8 0 10 0
263.900000 0 8 0 9 0
264.000000 0 9 0 9 0
264.100000 0 10 0 8 0
264.200000 1 11 0 7 0
264.300000 2 11 0 6 0
264.400000 3 11 0 6 0
264.500000 4 11 0 5 0
264.600000 4 11 0 4 0
264.700000 4 11 0 3 0
264.800000 4 12 0 2 0
264.900000 3 13 0 1 0
265.000000 2 15 0 0 0
265.100000 2 15 0 0 0
265.200000 3 15 0 0 0
265.300000 37 16 0 0 0
265.400000 36 17 0 0 0
265.500000 34 19 0 0 0
265.600000 34 20 0 0 0
265.700000 34 20 0 0 0
265.800000 34 20 0 0 0
265.900000 33 21 0 0 0
266.000000 32 23 0 0 0
266.100000 31 24 0 0 0
266.200000 30 25 0 0 0
266.300000 30 26 0 0 0
266.400000 29 27 0 0 0
266.500000 27 29 0 0 0
266.600000 26 30 0 0 0
266.700000 25 31 0 0 0
266.800000 24 32 0 0 0
266.900000 23 33 0 0 0
267.000000 21 35 0 0 0
267.100000 20 36 0 0 0
267.200000 19 37 0 0 0
267.300000 18 38 0 0 0
267.400000 17 39 0 0 0
267.500000 16 41 0 0 0
267.600000 17 41 0 0 0
267.700000 18 41 0 0 0
267.800000 18 41 0 0 0
267.900000 18 41 0 0 0
268.000000 16 43 0 0 0
268.100000 16 44 0 0 0
268.200000 16 44 0 0 0
268.300000 16 44 0 0 0
268.400000 15 45 0 0 0
268.500000 13 47 0 0 0
268.600000 12 48 0 0 0
268.700000 11 49 0 0 0
268.800000 11 50 0 0 0
268.900000 10 51 0 0 0
269.000000 8 53 0 0 0
269.100000 7 46 20 1 0
269.200000 6 39 20 5 0
269.300000 5 32 20 9 0
269.400000 5 25 20 9 0
269.500000 4 19 20 10 0
269.600000 4 12 20 10 0
269.700000 3 5 20 13 0
269.800000 4 0 20 14 0
269.900000 5 0 20 13 0
270.000000 4 0 20 13 0
270.100000 5 0 0 12 -5
270.200000 5 0 0 11 -5
270.300000 4 1 0 10 -5
270.400000 4 2 0 9 -5
270.500000 2 4 0 8 -5
270.600000 1 5 0 7 -5
270.700000 1 6 0 6 -5
270.800000 0 7 0 5 -5
270.900000 0 8 0 4 -5
271.000000 0 8 0 3 -5
271.100000 0 8 0 2 -5
271.200000 0 8 0 1 -5
271.300000 0 9 0 0 -5
271.400000 0 9 0 0 -5
271.500000 0 9 0 0 -5
271.600000 0 10 0 0 -5
271.700000 0 10 0 0 -5
271.800000 0 10 0 0 -5
271.900000 0 10 0 0 -5
272.000000 0 10 0 0 -5
272.100000 0 10 0 0 -5
272.200000 0 10 0 0 -5
272.300000 0 11 0 0 -5
272.400000 0 12 0 0 -5
272.500000 0 13 0 0 -5
272.600000 1 14 0 0 -5
272.700000 0 15 0 0 -5
272.800000 0 16 0 0 -5
272.900000 34 16 0 0 -5
273.000000 32 18 0 0 -5
273.100000 32 19 0 0 -5
273.200000 31 20 0 0 -5
273.300000 30 21 0 0 -5
273.400000 30 22 0 0 -5
273.500000 28 24 0 0 -5
273.600000 27 25 0 0 -5
273.700000 26 26 0 0 -5
273.800000 26 27 0 0 -5
273.900000 26 27 0 0 -5
274.000000 25 28 0 0 -5
274.100000 25 29 0 0 -5
274.200000 25 30 0 0 -5
274.300000 25 30 0 0 -5
274.400000 26 30 0 0 -5
274.500000 26 30 0 0 -5
274.600000 26 30 0 0 -5
274.700000 26 30 0 0 -5
274.800000 25 31 0 0 -5
274.900000 24 32 0 0 -5
275.000000 24 34 0 0 -5
275.100000 25 34 0 0 -5
275.200000 25 34 0 0 -5
275.300000 25 34 0 0 -5
275.400000 25 34 0 0 -5
275.500000 24 36 0 0 -5
275.600000 23 37 0 0 -5
275.700000 24 38 0 0 -5
275.800000 23 39 0 0 -5
275.900000 23 40 0 0 -5
276.000000 23 41 0 0 -5
276.100000 23 41 0 0 -5
276.200000 22 42 0 0 -5
276.300000 21 43 0 0 -5
276.400000 20 44 0 0 -5
276.500000 20 46 0 0 -5
276.600000 20 39 20 1 -5
276.700000 20 31 20 3 -5
276.800000 20 23 20 5 -5
276.900000 19 16 20 6 -5
277.000000 17 10 20 9 -5
277.100000 16 3 20 11 -5
277.200000 15 0 20 11 -5
277.300000 14 0 20 10 -5
277.400000 13 0 20 10 -5
277.500000 11 0 20 9 -5
277.600000 12 1 0 8 0
277.700000 12 1 0 7 0
277.800000 14 1 0 7 0
277.900000 14 2 0 6 0
278.000000 12 4 0 5 0
278.100000 11 5 0 4 0
278.200000 10 6 0 3 0
278.300000 9 7 0 2 0
278.400000 8 8 0 1 0
278.500000 7 10 0 0 0
278.600000 7 11 0 0 0
278.700000 7 11 0 0 0
278.800000 7 11 0 0 0
278.900000 6 12 0 0 0
279.000000 5 14 0 0 0
279.100000 4 15 0 0 0
279.200000 3 16 0 0 0
279.300000 3 17 0 0 0
279.400000 2 18 0 0 0
279.500000 0 20 0 0 0
279.600000 0 21 0 0 0
279.700000 0 21 0 0 0
279.800000 0 22 0 0 0
279.900000 0 22 0 0 0
280.000000 0 22 0 0 0
280.100000 0 22 0 0 0
280.200000 33 22 0 0 0
280.300000 34 24 0 0 0
280.400000 34 25 0 0 0
280.500000 34 26 0 0 0
280.600000 35 26 0 0 0
280.700000 36 26 0 0 0
280.800000 35 27 0 0 0
280.900000 35 27 0 0 0
281.000000 34 28 0 0 0
281.100000 33 29 0 0 0
281.200000 33 30 0 0 0
281.300000 32 32 0 0 0
281.400000 32 32 0 0 0
281.500000 32 32 0 0 0
281.600000 31 33 0 0 0
281.700000 30 34 0 0 0
281.800000 28 36 0 0 0
281.900000 27 37 0 0 0
282.000000 27 38 0 0 0
282.100000 26 39 0 0 0
282.200000 26 39 0 0 0
282.300000 25 40 0 0 0
282.400000 24 41 0 0 0
282.500000 24 42 0 0 0
282.600000 24 43 0 0 0
282.700000 24 44 0 0 0
282.800000 23 46 0 0 0
282.900000 22 47 0 0 0
283.000000 21 48 0 0 0
283.100000 20 49 0 0 0
283.200000 19 50 0 0 0
283.300000 17 52 0 0 0
283.400000 17 53 0 0 0
283.500000 16 54 0 0 0
283.600000 15 55 0 0 0
283.700000 15 56 0 0 0
283.800000 13 58 0 0 0
283.900000 13 59 0 0 0
284.000000 13 59 0 0 0
284.100000 14 51 20 4 0
284.200000 14 44 20 6 0
284.300000 14 36 20 9 0
284.400000 13 29 20 11 0
284.500000 12 22 20 12 0
284.600000 12 15 20 18 0
284.700000 11 8 20 22 0
284.800000 11 0 20 23 0
284.900000 10 0 20 22 0
285.000000 10 0 20 21 0
285.100000 9 1 0 20 -5
285.200000 9 2 0 19 -5
285.300000 7 4 0 18 -5
285.400000 6 5 0 17 -5
285.500000 5 6 0 16 -5
285.600000 4 7 0 15 -5
285.700000 3 8 0 15 -5
285.800000 1 10 0 14 -5
285.900000 0 11 0 13 -5
286.000000 0 12 0 12 -5
286.100000 0 12 0 11 -5
286.200000 0 12 0 10 -5
286.300000 0 13 0 9 -5
286.400000 1 13 0 8 -5
286.500000 1 13 0 7 -5
286.600000 2 13 0 6 -5
286.700000 1 14 0 5 -5
286.800000 0 15 0 4 -5
286.900000 0 16 0 3 -5
287.000000 0 16 0 2 -5
287.100000 32 17 0 1 -5
287.200000 32 18 0 0 -5
287.300000 30 20 0 0 -5
287.400000 30 21 0 0 -5
287.500000 30 21 0 0 -5
287.600000 31 21 0 0 -5
287.700000 30 22 0 0 -5
287.800000 29 24 0 0 -5
287.900000 28 25 0 0 -5
288.000000 27 26 0 0 -5
288.100000 26 27 0 0 -5
288.200000 26 28 0 0 -5
288.300000 24 30 0 0 -5
288.400000 23 31 0 0 -5
288.500000 22 32 0 0 -5
288.600000 21 33 0 0 -5
288.700000 20 34 0 0 -5
288.800000 18 36 0 0 -5
288.900000 17 37 0 0 -5
289.000000 17 38 0 0 -5
289.100000 17 39 0 0 -5
289.200000 17 40 0 0 -5
289.300000 15 42 0 0 -5
289.400000 14 43 0 0 -5
289.500000 13 44 0 0 -5
289.600000 12 45 0 0 -5
289.700000 12 46 0 0 -5
289.800000 12 47 0 0 -5
289.900000 12 47 0 0 -5
290.000000 13 47 0 0 -5
290.100000 16 47 0 0 -5
290.200000 20 47 0 0 -5
290.300000 20 48 0 0 -5
290.400000 19 49 0 0 -5
290.500000 19 50 0 0 -5
290.600000 19 51 0 0 -5
290.700000 20 51 0 0 -5
290.800000 21 51 0 0 -5
290.900000 21 51 0 0 -5
291.000000 22 51 0 0 -5
291.100000 23 51 0 0 -5
291.200000 23 51 0 0 -5
291.300000 23 51 0 0 -5
291.400000 25 51 0 0 -5
291.500000 24 52 0 0 -5
291.600000 23 53 0 0 -5
291.700000 22 54 0 0 -5
291.800000 21 56 0 0 -5
291.900000 21 56 0 0 -5
292.000000 21 56 0 0 -5
292.100000 21 57 0 0 -5
292.200000 20 58 0 0 -5
292.300000 19 60 0 0 -5
292.400000 21 61 0 0 -5
292.500000 21 62 0 0 -5
292.600000 22 61 0 0 0
292.700000 22 61 0 0 0
292.800000 24 61 0 0 0
292.900000 24 61 0 0 0
293.000000 25 61 0 0 0
293.100000 24 62 0 0 0
293.200000 23 63 0 0 0
293.300000 21 65 0 0 0
293.400000 20 66 0 0 0
293.500000 19 67 0 0 0
293.600000 18 68 0 0 0
293.700000 18 69 0 0 0
293.800000 17 71 0 0 0
293.900000 16 72 0 0 0
294.000000 16 73 0 0 0
294.100000 15 74 0 0 0
294.200000 15 75 0 0 0
294.300000 14 77 0 0 0
294.400000 15 78 0 0 0
294.500000 15 78 0 0 0
294.600000 16 78 0 0 0
294.700000 16 78 0 0 0
294.800000 17 78 0 0 0
294.900000 17 78 0 0 0
295.000000 21 78 0 0 0
295.100000 22 78 0 0 0
295.200000 22 78 0 0 0
295.300000 22 78 0 0 0
295.400000 56 78 0 0 0
295.500000 56 78 0 0 0
295.600000 56 78 0 0 0
295.700000 56 78 0 0 0
295.800000 55 79 0 0 0
295.900000 56 80 0 0 0
296.000000 56 80 0 0 0
296.100000 56 80 0 0 0
296.200000 56 81 0 0 0
296.300000 55 82 0 0 0
296.400000 55 82 0 0 0
296.500000 54 83 0 0 0
296.600000 53 84 0 0 0
296.700000 52 85 0 0 0
296.800000 50 87 0 0 0
296.900000 50 88 0 0 0
297.000000 49 89 0 0 0
297.100000 48 90 0 0 0
297.200000 47 91 0 0 0
297.300000 45 93 0 0 0
297.400000 44 94 0 0 0
297.500000 44 95 0 0 0
297.600000 43 96 0 0 0
297.700000 42 97 0 0 0
297.800000 40 99 0 0 0
297.900000 39 100 0 0 0
298.000000 38 101 0 0 0
298.100000 38 102 0 0 0
298.200000 38 102 0 0 0
298.300000 37 103 0 0 0
298.400000 36 104 0 0 0
298.500000 36 105 0 0 0
298.600000 36 105 0 0 0
298.700000 36 105 0 0 0
298.800000 36 107 0 0 0
298.900000 35 108 0 0 0
299.000000 34 109 0 0 0
299.100000 33 103 20 1 0
299.200000 32 96 20 2 0
299.300000 30 90 20 4 0
299.400000 29 83 20 6 0
299.500000 29 75 20 9 0
299.600000 28 68 20 11 0
299.700000 28 61 20 12 0
299.800000 26 55 20 16 0
299.900000 25 48 20 17 0
300.000000 24 41 20 20 0
300.100000 23 42 0 19 -5
300.200000 23 43 0 18 -5
300.300000 21 45 0 17 -5
300.400000 21 46 0 16 -5
300.500000 23 46 0 16 -5
300.600000 23 46 0 16 -5
300.700000 22 47 0 16 -5
300.800000 20 49 0 15 -5
300.900000 19 50 0 14 -5
301.000000 19 51 0 13 -5
301.100000 18 52 0 12 -5
301.200000 19 52 0 11 -5
301.300000 20 53 0 10 -5
301.400000 22 53 0 9 -5
301.500000 22 53 0 9 -5
301.600000 24 53 0 9 -5
301.700000 25 53 0 9 -5
301.800000 24 54 0 9 -5
301.900000 24 54 0 8 -5
302.000000 23 55 0 7 -5
302.100000 23 56 0 7 -5
302.200000 51 57 0 6 -5
302.300000 50 59 0 5 -5
302.400000 50 60 0 4 -5
302.500000 49 61 0 3 -5
302.600000 48 62 0 2 -5
302.700000 47 63 0 1 -5
302.800000 45 65 0 0 -5
302.900000 44 66 0 0 -5
303.000000 43 67 0 0 -5
303.100000 43 68 0 0 -5
303.200000 43 69 0 0 -5
303.300000 42 70 0 0 -5
303.400000 42 70 0 0 -5
303.500000 41 71 0 0 -5
303.600000 40 72 0 0 -5
303.700000 40 73 0 0 -5
303.800000 38 75 0 0 -5
303.900000 37 76 0 0 -5
304.000000 37 77 0 0 -5
304.100000 37 77 0 0 -5
304.200000 37 77 0 0 -5
304.300000 35 79 0 0 -5
304.400000 34 80 0 0 -5
304.500000 33 81 0 0 -5
304.600000 33 82 0 0 -5
304.700000 33 83 0 0 -5
304.800000 31 85 0 0 -5
304.900000 31 86 0 0 -5
305.000000 31 86 0 0 -5
305.100000 32 86 0 0 -5
305.200000 33 86 0 0 -5
305.300000 33 87 0 0 -5
305.400000 32 88 0 0 -5
305.500000 32 88 0 0 -5
305.600000 33 88 0 0 -5
305.700000 34 89 0 0 -5
305.800000 34 89 0 0 -5
305.900000 33 90 0 0 -5
306.000000 33 91 0 0 -5
306.100000 32 92 0 0 -5
306.200000 31 93 0 0 -5
306.300000 29 95 0 0 -5
306.400000 28 96 0 0 -5
306.500000 27 97 20 0 -5
306.600000 27 90 20 2 -5
306.700000 26 83 20 6 -5
306.800000 25 77 20 7 -5
306.900000 24 70 20 11 -5
307.000000 25 63 20 15 -5
307.100000 26 55 20 19 -5
307.200000 27 47 20 23 -5
307.300000 26 41 20 27 -5
307.400000 26 34 20 31 -5
307.500000 26 26 0 33 0
307.600000 26 26 0 33 0
307.700000 27 27 0 33 0
307.800000 25 29 0 32 0
307.900000 24 30 0 31 0
308.000000 23 31 0 30 0
308.100000 22 32 0 30 0
308.200000 22 33 0 29 0
308.300000 20 35 0 28 0
308.400000 19 36 0 29 0
308.500000 19 37 0 28 0
308.600000 18 38 0 27 0
308.700000 17 39 0 26 0
308.800000 15 41 0 26 0
308.900000 14 42 0 25 0
309.000000 14 43 0 24 0
309.100000 13 44 0 23 0
309.200000 13 44 0 22 0
309.300000 12 45 0 21 0
309.400000 11 46 0 20 0
309.500000 11 47 0 19 0
309.600000 10 48 0 18 0
309.700000 9 49 0 17 0
309.800000 7 51 0 17 0
309.900000 6 52 0 16 0
310.000000 34 53 0 15 0
310.100000 34 54 0 14 0
310.200000 33 55 0 13 0
310.300000 31 57 0 12 0
310.400000 30 58 0 11 0
310.500000 31 59 0 10 0
310.600000 31 59 0 9 0
310.700000 32 59 0 8 0
310.800000 33 60 0 7 0
310.900000 35 60 0 6 0
311.000000 36 60 0 5 0
311.100000 36 60 0 4 0
311.200000 36 60 0 3 0
311.300000 36 61 0 2 0
311.400000 37 62 0 1 0
311.500000 38 63 0 0 0
311.600000 37 64 0 0 0
311.700000 37 65 0 0 0
311.800000 36 66 0 0 0
311.900000 36 66 0 0 0
312.000000 35 67 0 0 0
312.100000 34 68 0 0 0
312.200000 33 69 0 0 0
312.300000 32 71 0 0 0
312.400000 32 71 0 0 0
312.500000 33 71 0 0 0
312.600000 34 71 0 0 0
312.700000 34 71 0 0 0
312.800000 33 73 0 0 0
312.900000 32 74 0 0 0
313.000000 31 75 0 0 0
313.100000 31 76 0 0 0
313.200000 31 77 0 0 0
313.300000 29 79 0 0 0
313.400000 29 80 0 0 0
313.500000 30 80 0 0 0
313.600000 31 80 0 0 0
313.700000 30 81 0 0 0
313.800000 28 83 0 0 0
313.900000 28 84 0 0 0
314.000000 28 85 20 0 0
314.100000 28 78 20 3 0
314.200000 27 71 20 6 0
314.300000 27 63 20 7 0
314.400000 27 56 20 6 0
314.500000 26 49 20 10 0
314.600000 25 42 20 11 0
314.700000 24 35 20 15 0
314.800000 22 29 20 19 0
314.900000 22 22 20 21 0
315.000000 21 15 0 24 -5
315.100000 21 16 0 23 -5
315.200000 21 17 0 22 -5
315.300000 20 19 0 21 -5
315.400000 19 20 0 20 -5
315.500000 18 21 0 19 -5
315.600000 19 22 0 18 -5
315.700000 19 23 0 17 -5
315.800000 19 23 0 16 -5
315.900000 18 24 0 15 -5
316.000000 17 25 0 15 -5
316.100000 17 26 0 14 -5
316.200000 17 26 0 13 -5
316.300000 17 27 0 12 -5
316.400000 17 27 0 11 -5
316.500000 17 27 0 10 -5
316.600000 16 28 0 9 -5
316.700000 15 29 0 8 -5
316.800000 14 31 0 7 -5
316.900000 13 32 0 7 -5
317.000000 12 33 0 6 -5
317.100000 12 34 0 5 -5
317.200000 12 35 0 4 -5
317.300000 13 35 0 3 -5
317.400000 12 36 0 2 -5
317.500000 11 37 0 1 -5
317.600000 10 38 0 0 -5
317.700000 44 39 0 0 -5
317.800000 43 41 0 0 -5
317.900000 44 41 0 0 -5
318.000000 44 41 0 0 -5
318.100000 45 41 0 0 -5
318.200000 46 41 0 0 -5
318.300000 47 41 0 0 -5
318.400000 47 41 0 0 -5
318.500000 47 41 0 0 -5
318.600000 46 42 0 0 -5
318.700000 45 43 0 0 -5
318.800000 43 45 0 0 -5
318.900000 43 46 0 0 -5
319.000000 42 47 0 0 -5
319.100000 41 48 0 0 -5
319.200000 40 49 0 0 -5
319.300000 39 51 0 0 -5
319.400000 39 51 0 0 -5
319.500000 39 51 0 0 -5
319.600000 38 52 0 0 -5
319.700000 37 53 0 0 -5
319.800000 35 55 0 0 -5
319.900000 35 56 0 0 -5
320.000000 35 57 0 0 -5
320.100000 35 58 0 0 -5
320.200000 35 59 0 0 -5
320.300000 33 61 0 0 -5
320.400000 33 62 0 0 -5
320.500000 32 63 0 0 -5
320.600000 34 64 0 0 -5
320.700000 35 64 0 0 -5
320.800000 35 64 0 0 -5
320.900000 35 64 0 0 -5
321.000000 35 65 0 0 -5
321.100000 34 66 0 0 -5
321.200000 34 67 0 0 -5
321.300000 34 68 0 0 -5
321.400000 35 68 0 0 -5
321.500000 36 68 0 0 -5
321.600000 37 68 0 0 -5
321.700000 36 69 0 0 -5
321.800000 35 71 0 0 -5
321.900000 35 71 0 0 -5
322.000000 35 71 0 0 -5
322.100000 34 72 0 0 -5
322.200000 33 73 0 0 -5
322.300000 32 75 0 0 -5
322.400000 32 75 0 0 -5
322.500000 32 75 0 0 0
322.600000 32 76 0 0 0
322.700000 31 77 0 0 0
322.800000 31 77 0 0 0
322.900000 30 78 0 0 0
323.000000 29 79 0 0 0
323.100000 28 80 0 0 0
323.200000 27 81 0 0 0
323.300000 25 83 0 0 0
323.400000 24 84 0 0 0
323.500000 23 85 0 0 0
323.600000 22 86 0 0 0
323.700000 21 87 0 0 0
323.800000 19 89 0 0 0
323.900000 18 90 0 0 0
324.000000 17 91 0 0 0
324.100000 17 92 0 0 0
324.200000 17 93 0 0 0
324.300000 15 95 0 0 0
324.400000 14 96 0 0 0
324.500000 13 97 0 0 0
324.600000 13 98 0 0 0
324.700000 12 99 0 0 0
324.800000 11 101 0 0 0
324.900000 11 101 0 0 0
325.000000 11 101 0 0 0
325.100000 13 102 0 0 0
325.200000 13 102 0 0 0
325.300000 39 103 0 0 0
325.400000 38 104 0 0 0
325.500000 38 105 0 0 0
325.600000 37 106 0 0 0
325.700000 38 106 0 0 0
325.800000 38 107 0 0 0
325.900000 37 108 0 0 0
326.000000 36 109 0 0 0
326.100000 36 110 0 0 0
326.200000 35 111 0 0 0
326.300000 34 113 0 0 0
326.400000 33 114 0 0 0
326.500000 32 115 0 0 0
326.600000 32 116 0 0 0
326.700000 32 117 0 0 0
326.800000 32 119 0 0 0
326.900000 32 120 0 0 0
327.000000 32 121 0 0 0
327.100000 32 122 0 0 0
327.200000 31 123 0 0 0
327.300000 29 125 0 0 0
327.400000 29 126 0 0 0
327.500000 29 127 0 0 0
327.600000 28 128 0 0 0
327.700000 27 129 0 0 0
327.800000 26 131 0 0 0
327.900000 25 132 0 0 0
328.000000 25 133 0 0 0
328.100000 24 134 0 0 0
328.200000 25 135 0 0 0
328.300000 24 136 0 0 0
328.400000 25 136 0 0 0
328.500000 25 136 0 0 0
328.600000 25 136 0 0 0
328.700000 25 137 0 0 0
328.800000 23 139 0 0 0
328.900000 22 140 0 0 0
329.000000 21 141 20 0 0
329.100000 21 134 20 2 0
329.200000 21 127 20 2 0
329.300000 19 121 20 4 0
329.400000 19 114 20 6 0
329.500000 19 106 20 10 0
329.600000 19 98 20 11 0
329.700000 18 91 20 14 0
329.800000 16 85 20 14 0
329.900000 15 78 20 16 0
330.000000 15 71 0 15 -5
330.100000 15 72 0 14 -5
330.200000 14 73 0 14 -5
330.300000 12 75 0 13 -5
330.400000 11 76 0 13 -5
330.500000 10 77 0 12 -5
330.600000 9 78 0 11 -5
330.700000 8 79 0 10 -5
330.800000 7 81 0 10 -5
330.900000 6 82 0 9 -5
331.000000 6 83 0 8 -5
331.100000 7 83 0 7 -5
331.200000 7 83 0 6 -5
331.300000 6 85 0 5 -5
331.400000 6 86 0 4 -5
331.500000 5 87 0 3 -5
331.600000 4 88 0 3 -5
331.700000 3 89 0 2 -5
331.800000 2 91 0 2 -5
331.900000 1 92 0 1 -5
332.000000 0 93 0 0 -5
332.100000 0 94 0 0 -5
332.200000 0 95 0 0 -5
332.300000 29 96 0 0 -5
332.400000 29 97 0 0 -5
332.500000 29 97 0 0 -5
332.600000 29 97 0 0 -5
332.700000 28 98 0 0 -5
332.800000 26 100 0 0 -5
332.900000 25 101 0 0 -5
333.000000 25 102 0 0 -5
333.100000 25 103 0 0 -5
333.200000 25 103 0 0 -5
333.300000 25 103 0 0 -5
333.400000 25 103 0 0 -5
333.500000 24 104 0 0 -5
333.600000 23 105 0 0 -5
333.700000 22 106 0 0 -5
333.800000 21 108 0 0 -5
333.900000 20 109 0 0 -5
334.000000 20 110 0 0 -5
334.100000 19 111 0 0 -5
334.200000 19 112 0 0 -5
334.300000 18 114 0 0 -5
334.400000 18 115 0 0 -5
334.500000 17 116 0 0 -5
334.600000 17 116 0 0 -5
334.700000 17 116 0 0 -5
334.800000 16 118 0 0 -5
334.900000 16 118 0 0 -5
335.000000 17 118 0 0 -5
335.100000 18 119 0 0 -5
335.200000 17 120 0 0 -5
335.300000 16 122 0 0 -5
335.400000 16 123 0 0 -5
335.500000 16 124 0 0 -5
335.600000 16 125 0 0 -5
335.700000 16 125 0 0 -5
335.800000 16 126 0 0 -5
335.900000 15 127 0 0 -5
336.000000 14 128 0 0 -5
336.100000 14 129 0 0 -5
336.200000 14 130 0 0 -5
336.300000 12 132 0 0 -5
336.400000 11 133 0 0 -5
336.500000 10 134 20 0 -5
336.600000 9 127 20 3 -5
336.700000 10 120 20 3 -5
336.800000 8 114 20 3 -5
336.900000 8 107 20 5 -5
337.000000 7 100 20 9 -5
337.100000 6 93 20 12 -5
337.200000 7 86 20 16 -5
337.300000 6 79 20 18 -5
337.400000 7 71 20 20 -5
337.500000 9 63 0 22 0
337.600000 9 63 0 21 0
337.700000 9 64 0 20 0
337.800000 7 66 0 19 0
337.900000 7 67 0 18 0
338.000000 7 68 0 17 0
338.100000 6 69 0 16 0
338.200000 5 70 0 15 0
338.300000 4 72 0 14 0
338.400000 3 73 0 13 0
338.500000 3 73 0 12 0
338.600000 3 73 0 11 0
338.700000 3 74 0 11 0
338.800000 4 74 0 10 0
338.900000 4 74 0 9 0
339.000000 4 74 0 8 0
339.100000 3 75 0 8 0
339.200000 2 76 0 8 0
339.300000 0 78 0 8 0
339.400000 0 79 0 7 0
339.500000 0 80 0 6 0
339.600000 1 80 0 5 0
339.700000 2 80 0 5 0
339.800000 1 81 0 4 0
339.900000 1 82 0 3 0
340.000000 0 83 0 2 0
340.100000 30 84 0 1 0
340.200000 29 85 0 0 0
340.300000 28 87 0 0 0
340.400000 29 88 0 0 0
340.500000 29 88 0 0 0
340.600000 29 88 0 0 0
340.700000 30 88 0 0 0
340.800000 29 89 0 0 0
340.900000 29 90 0 0 0
341.000000 29 90 0 0 0
341.100000 29 90 0 0 0
341.200000 30 91 0 0 0
341.300000 30 91 0 0 0
341.400000 31 91 0 0 0
341.500000 31 91 0 0 0
341.600000 30 92 0 0 0
341.700000 29 93 0 0 0
341.800000 27 95 0 0 0
341.900000 27 96 0 0 0
342.000000 26 97 0 0 0
342.100000 25 98 0 0 0
342.200000 25 99 0 0 0
342.300000 23 101 0 0 0
342.400000 22 102 0 0 0
342.500000 22 103 0 0 0
342.600000 23 104 0 0 0
342.700000 22 105 0 0 0
342.800000 21 107 0 0 0
342.900000 20 108 0 0 0
343.000000 19 109 0 0 0
343.100000 19 110 0 0 0
343.200000 18 111 0 0 0
343.300000 16 113 0 0 0
343.400000 15 114 0 0 0
343.500000 14 115 0 0 0
343.600000 14 116 0 0 0
343.700000 14 116 0 0 0
343.800000 14 117 0 0 0
343.900000 13 118 0 0 0
344.000000 12 119 20 0 0
344.100000 12 112 20 4 0
344.200000 11 105 20 7 0
344.300000 9 99 20 9 0
344.400000 9 92 20 11 0
344.500000 9 85 20 13 0
344.600000 8 78 20 17 0
344.700000 7 71 20 21 0
344.800000 5 65 20 22 0
344.900000 6 58 20 24 0
345.000000 6 51 0 25 -5
345.100000 5 52 0 24 -5
345.200000 4 53 0 23 -5
345.300000 2 55 0 22 -5
345.400000 1 56 0 21 -5
345.500000 1 57 0 20 -5
345.600000 1 58 0 19 -5
345.700000 2 58 0 18 -5
345.800000 2 59 0 17 -5
345.900000 3 59 0 17 -5
346.000000 3 59 0 16 -5
346.100000 4 60 0 15 -5
346.200000 4 60 0 15 -5
346.300000 3 61 0 15 -5
346.400000 3 62 0 14 -5
346.500000 2 63 0 13 -5
346.600000 2 64 0 12 -5
346.700000 1 65 0 11 -5
346.800000 0 67 0 10 -5
346.900000 1 67 0 9 -5
347.000000 0 68 0 8 -5
347.100000 0 68 0 7 -5
347.200000 29 68 0 6 -5
347.300000 29 70 0 5 -5
347.400000 29 70 0 4 -5
347.500000 29 70 0 4 -5
347.600000 28 71 0 3 -5
347.700000 29 72 0 2 -5
347.800000 29 72 0 2 -5
347.900000 29 72 0 1 -5
348.000000 29 72 0 0 -5
348.100000 29 73 0 0 -5
348.200000 28 74 0 0 -5
348.300000 28 74 0 0 -5
348.400000 28 75 0 0 -5
348.500000 27 76 0 0 -5
348.600000 27 77 0 0 -5
348.700000 26 78 0 0 -5
348.800000 24 80 0 0 -5
348.900000 24 81 0 0 -5
349.000000 25 82 0 0 -5
349.100000 24 83 0 0 -5
349.200000 25 84 0 0 -5
349.300000 25 86 0 0 -5
349.400000 25 86 0 0 -5
349.500000 25 86 0 0 -5
349.600000 24 87 0 0 -5
349.700000 26 88 0 0 -5
349.800000 24 90 0 0 -5
349.900000 23 91 0 0 -5
350.000000 23 92 0 0 -5
350.100000 22 93 0 0 -5
350.200000 21 94 0 0 -5
350.300000 21 95 0 0 -5
350.400000 21 95 0 0 -5
350.500000 20 96 0 0 -5
350.600000 20 97 0 0 -5
350.700000 19 98 0 0 -5
350.800000 18 100 0 0 -5
350.900000 17 101 0 0 -5
351.000000 16 102 0 0 -5
351.100000 16 103 0 0 -5
351.200000 16 104 0 0 -5
351.300000 15 105 0 0 -5
351.400000 16 105 0 0 -5
351.500000 15 106 20 0 -5
351.600000 15 99 20 3 -5
351.700000 14 92 20 6 -5
351.800000 14 84 20 7 -5
351.900000 13 77 20 10 -5
352.000000 12 70 20 9 -5
352.100000 11 63 20 10 -5
352.200000 10 56 20 12 -5
352.300000 8 50 20 11 -5
352.400000 9 43 20 14 -5
352.500000 12 35 0 18 0
352.600000 12 35 0 17 0
352.700000 12 35 0 17 0
352.800000 11 36 0 16 0
352.900000 10 37 0 15 0
353.000000 9 38 0 15 0
353.100000 8 39 0 14 0
353.200000 7 40 0 13 0
353.300000 5 42 0 12 0
353.400000 4 43 0 11 0
353.500000 3 44 0 10 0
353.600000 3 45 0 9 0
353.700000 3 46 0 8 0
353.800000 4 46 0 8 0
353.900000 3 47 0 7 0
354.000000 2 48 0 6 0
354.100000 1 49 0 6 0
354.200000 1 50 0 5 0
354.300000 0 52 0 5 0
354.400000 0 52 0 4 0
354.500000 0 52 0 3 0
354.600000 0 52 0 3 0
354.700000 0 53 0 2 0
354.800000 0 53 0 1 0
354.900000 32 53 0 0 0
355.000000 31 55 0 0 0
355.100000 30 56 0 0 0
355.200000 30 57 0 0 0
355.300000 29 58 0 0 0
355.400000 29 58 0 0 0
355.500000 28 59 0 0 0
355.600000 27 60 0 0 0
355.700000 26 61 0 0 0
355.800000 25 62 0 0 0
355.900000 24 63 0 0 0
356.000000 22 65 0 0 0
356.100000 22 66 0 0 0
356.200000 21 67 0 0 0
356.300000 21 68 0 0 0
356.400000 22 69 0 0 0
356.500000 20 71 0 0 0
356.600000 19 72 0 0 0
356.700000 19 73 0 0 0
356.800000 18 74 0 0 0
356.900000 17 75 0 0 0
357.000000 17 76 0 0 0
357.100000 17 76 0 0 0
357.200000 16 77 0 0 0
357.300000 15 78 0 0 0
357.400000 14 79 0 0 0
357.500000 13 81 0 0 0
357.600000 12 82 0 0 0
357.700000 11 83 0 0 0
357.800000 11 84 0 0 0
357.900000 11 84 0 0 0
358.000000 11 85 0 0 0
358.100000 11 86 0 0 0
358.200000 10 87 0 0 0
358.300000 9 88 0 0 0
358.400000 8 89 0 0 0
358.500000 6 91 0 0 0
358.600000 5 92 0 0 0
358.700000 4 93 0 0 0
358.800000 4 94 0 0 0
358.900000 5 95 0 0 0
359.000000 5 96 20 0 0
359.100000 5 88 20 0 0
359.200000 4 81 20 2 0
359.300000 3 74 20 5 0
359.400000 2 67 20 6 0
359.500000 0 61 20 7 0
359.600000 0 54 20 7 0
359.700000 0 46 20 6 0
359.800000 0 38 20 8 0
359.900000 0 30 20 8 0
360.000000 0 22 0 11 -5
360.100000 0 22 0 10 -5
360.200000 0 22 0 9 -5
360.300000 0 22 0 8 -5
360.400000 0 22 0 8 -5
360.500000 0 22 0 7 -5
360.600000 0 23 0 7 -5
360.700000 0 23 0 7 -5
360.800000 0 24 0 6 -5
360.900000 0 24 0 5 -5
361.000000 0 24 0 6 -5
361.100000 0 24 0 5 -5
361.200000 0 24 0 4 -5
361.300000 0 24 0 3 -5
361.400000 0 24 0 2 -5
361.500000 0 24 0 1 -5
361.600000 0 25 0 1 -5
361.700000 0 25 0 1 -5
361.800000 0 26 0 1 -5
361.900000 0 26 0 0 -5
362.000000 0 26 0 0 -5
362.100000 0 27 0 0 -5
362.200000 0 27 0 0 -5
362.300000 0 28 0 0 -5
362.400000 0 28 0 0 -5
362.500000 0 29 0 0 -5
362.600000 0 29 0 0 -5
362.700000 0 29 0 0 -5
362.800000 0 30 0 0 -5
362.900000 0 30 0 0 -5
363.000000 28 30 0 0 -5
363.100000 28 31 0 0 -5
363.200000 27 32 0 0 -5
363.300000 26 34 0 0 -5
363.400000 25 35 0 0 -5
363.500000 24 36 0 0 -5
363.600000 23 37 0 0 -5
363.700000 22 38 0 0 -5
363.800000 20 40 0 0 -5
363.900000 19 41 0 0 -5
364.000000 20 42 0 0 -5
364.100000 19 43 0 0 -5
364.200000 19 43 0 0 -5
364.300000 18 44 0 0 -5
364.400000 17 45 0 0 -5
364.500000 16 46 0 0 -5
364.600000 16 47 0 0 -5
364.700000 16 48 0 0 -5
364.800000 14 50 0 0 -5
364.900000 13 51 0 0 -5
365.000000 14 52 0 0 -5
365.100000 15 52 0 0 -5
365.200000 15 52 0 0 -5
365.300000 15 52 0 0 -5
365.400000 15 52 0 0 -5
365.500000 15 52 0 0 -5
365.600000 14 53 0 0 -5
365.700000 13 54 0 0 -5
365.800000 11 56 0 0 -5
365.900000 10 57 0 0 -5
366.000000 9 58 0 0 -5
366.100000 8 59 0 0 -5
366.200000 7 60 0 0 -5
366.300000 5 62 0 0 -5
366.400000 5 63 0 0 -5
366.500000 4 64 20 0 -5
366.600000 3 57 20 3 -5
366.700000 3 50 20 8 -5
366.800000 1 44 20 9 -5
366.900000 0 37 20 12 -5
367.000000 0 30 20 14 -5
367.100000 2 22 20 18 -5
367.200000 3 14 20 20 -5
367.300000 3 6 20 22 -5
367.400000 3 0 20 21 -5
367.500000 3 0 0 20 0
367.600000 2 1 0 19 0
367.700000 2 2 0 18 0
367.800000 1 3 0 17 0
367.900000 0 4 0 17 0
368.000000 0 5 0 16 0
368.100000 0 5 0 15 0
368.200000 0 5 0 14 0
368.300000 0 6 0 13 0
368.400000 0 6 0 12 0
368.500000 3 7 0 12 0
368.600000 3 7 0 11 0
368.700000 4 7 0 10 0
368.800000 4 7 0 9 0
368.900000 5 7 0 8 0
369.000000 3 9 0 7 0
369.100000 2 10 0 6 0
369.200000 1 11 0 5 0
369.300000 1 12 0 4 0
369.400000 1 13 0 4 0
369.500000 0 15 0 3 0
369.600000 0 15 0 2 0
369.700000 0 15 0 2 0
369.800000 0 15 0 1 0
369.900000 0 15 0 1 0
370.000000 0 15 0 0 0
370.100000 0 15 0 0 0
370.200000 0 16 0 0 0
370.300000 1 16 0 0 0
370.400000 26 16 0 0 0
370.500000 26 17 0 0 0
370.600000 25 18 0 0 0
370.700000 23 20 0 0 0
370.800000 22 21 0 0 0
370.900000 21 22 0 0 0
371.000000 21 23 0 0 0
371.100000 20 24 0 0 0
371.200000 18 26 0 0 0
371.300000 19 27 0 0 0
371.400000 18 28 0 0 0
371.500000 17 29 0 0 0
371.600000 17 30 0 0 0
371.700000 18 31 0 0 0
371.800000 19 31 0 0 0
371.900000 19 32 0 0 0
372.000000 18 33 0 0 0
372.100000 19 33 0 0 0
372.200000 18 34 0 0 0
372.300000 17 35 0 0 0
372.400000 16 36 0 0 0
372.500000 16 37 0 0 0
372.600000 15 38 0 0 0
372.700000 13 40 0 0 0
372.800000 12 41 0 0 0
372.900000 12 42 0 0 0
373.000000 12 43 0 0 0
373.100000 13 43 0 0 0
373.200000 12 44 0 0 0
373.300000 12 45 0 0 0
373.400000 13 45 0 0 0
373.500000 13 45 0 0 0
373.600000 12 46 0 0 0
373.700000 10 48 0 0 0
373.800000 10 49 0 0 0
373.900000 10 50 0 0 0
374.000000 9 51 0 0 0
374.100000 9 52 0 0 0
374.200000 7 54 0 0 0
374.300000 7 55 0 0 0
374.400000 6 56 0 0 0
374.500000 6 57 0 0 0
374.600000 5 58 0 0 0
374.700000 3 60 0 0 0
374.800000 2 61 0 0 0
374.900000 2 62 0 0 0
